review_id,user_name,review_text,rating,thumbs_up_count,app_version,review_date,developer_reply_text,developer_reply_date,developer_reply,review_length,positive_review,negative_review,app_id,review_source,language,sentiment,complaint_category,review_user_id
f1df0882-1fbb-4557-a2de-910cab65b79f,Keke Lim,good,5,0,1.203.3,2026-07-05 19:32:25,,,False,4,True,False,1,Google Play,English,Positive,General,1
001c6fab-0e7f-4487-88de-13b41b543ac9,ZK zzackry,pekerja terbaik..tqvm,5,0,1.203.3,2026-07-05 09:47:45,,,False,21,False,False,1,Google Play,English,Neutral,General,2
049d0fcc-12a6-4895-8c6c-42dab2ce7a92,Ben,close app,1,0,,2026-07-04 17:36:49,,,False,9,False,False,1,Google Play,English,Neutral,General,3
e690172f-7c62-4296-adb5-2f26a173f317,Ahmad Fadzwan,nice,5,0,,2026-07-04 10:05:41,,,False,4,False,False,1,Google Play,English,Neutral,General,4
02c0d553-b6b7-4198-9a4a-2b06de8f8375,Nasrin,"keep asking to enable location,location already enabled",1,0,1.203.3,2026-07-04 09:23:02,,,False,55,False,False,1,Google Play,English,Neutral,General,5
e735478f-666a-4012-92ca-5879e101cd30,AMIRRUL “Amirrul Firdaus AR” FAR,mmg fuction habis appsni. senang isi minyak budi tanpa tunjuk ic,5,0,,2026-07-03 20:38:25,,,False,64,False,False,1,Google Play,English,Neutral,General,6
73be22c6-91d3-4592-8145-a2b1582fdd68,Mohd Nasir Ujang,sometimes top up a bit slow,3,0,1.203.3,2026-07-03 18:46:43,,,False,27,False,True,1,Google Play,English,Negative,General,7
de77f7c0-0020-4404-885a-3c57e89c5401,serra marcella,easy recommended 👌🏻,5,0,1.203.3,2026-07-03 11:01:11,,,False,19,True,False,1,Google Play,English,Positive,General,8
c2d185e4-b3db-4433-ac4f-dd775360b139,Yunos “YM” Mohamed,"Great app! The interface is simple and easy to navigate. Fuel payments are quick, and I like being able to track my transactions and earn rewards in one place. It has made refuelling much more convenient. Highly recommended!",5,0,1.203.3,2026-07-03 08:32:01,,,False,224,True,False,1,Google Play,English,Positive,General,9
6680a52b-ffe5-497e-a755-5229b4f0f70e,Roland Sia,senang untuk guna,5,0,1.202.1,2026-07-03 06:46:54,,,False,17,False,False,1,Google Play,English,Neutral,General,10
fbf2c207-0556-4b6a-b59e-d9960f3222b0,Lim CY,"a ""cool down period"" security update that no one asked for except maybe your insecure ahh mom",1,0,1.136.3,2026-07-02 21:47:58,,,False,93,True,False,1,Google Play,English,Positive,General,11
e8a09e71-c7e4-4e75-b1bb-568d7883f110,Donald Kana,easy n fast.. great 👍👍,5,0,1.203.3,2026-07-02 19:43:11,,,False,22,True,False,1,Google Play,English,Positive,General,12
4a71f9ea-2348-46cc-bf1f-96435447c3e5,Tommy Garau,More easy and more faster,5,0,1.203.3,2026-07-02 14:30:19,,,False,25,True,False,1,Google Play,English,Positive,General,13
ddbc91b8-05e2-4a04-abc3-ba1008f2cea3,Sylvester Richie,laju servis,5,0,1.203.3,2026-07-02 05:55:08,,,False,11,False,False,1,Google Play,English,Neutral,General,14
ea95c363-5794-4c9a-90d9-988590051870,Kelvin Kong,gooddddddddd,5,0,,2026-07-01 22:02:59,,,False,12,True,False,1,Google Play,English,Positive,General,15
357511c1-78a0-4779-a0a7-50640aced8e2,Qarliff Pokka,Auto top up still unavailable,4,1,1.203.2,2026-07-01 20:40:28,"Thank you for your feedback. Our team would like to get in touch with you to discuss further. However, due to the app rating limitation, we do not have your details; hence, we would like to seek your kind cooperation to drop us an email at hello@setel.com.",2024-02-18 20:55:07,True,29,False,False,1,Google Play,English,Neutral,General,16
caad47c9-6464-4ab1-b094-fdba38b65cd3,Azzuan Jusoh,"easy to use, user friendly",5,0,1.203.3,2026-07-01 20:11:59,,,False,26,True,False,1,Google Play,English,Positive,General,17
07402ab2-872b-48ef-9182-09365fc97725,Mohd Jahim,Good and Excellent 👍,5,0,1.203.3,2026-07-01 09:24:20,,,False,20,True,False,1,Google Play,English,Positive,General,18
b7a0b848-34d7-49ae-8def-9fe74eb1c578,Muhamad Abdullah,"Kira-kira 700,000 pemilik kenderaan persendirian di seluruh negara bakal menikmati diesel bersubsidi pada harga RM2.10 seliter menerusi pelaksanaan Budi Madani Diesel (Budi Diesel) bermula tengah malam ini. Namun di setel harga budi diesel Rm2.15 seliter. Setel ada masalah?!",1,0,1.203.3,2026-07-01 00:21:16,,,False,275,False,False,1,Google Play,English,Neutral,General,19
421549c4-2788-4708-b93a-b63d82f68512,Muhammad Khairul Anwar,Easy to used.,5,0,1.203.3,2026-06-30 23:38:51,,,False,13,True,False,1,Google Play,English,Positive,General,20
71338c49-9141-4388-83ef-a1b856375879,Nizam Shaharudin,sangat mudah..mata ganjaran pun banyak..nak redeem pun senang..,5,0,1.203.2,2026-06-30 23:15:14,,,False,63,False,False,1,Google Play,English,Neutral,General,21
d30c007a-2f9d-4ae7-ac3f-c30288037390,Haris Zack,"ada ic saja x ckup masih org asing kna ada lesen bru boleh isi budi, xdk lesen org asing siak😂😂😂",1,0,1.203.3,2026-06-30 21:52:19,,,False,96,False,False,1,Google Play,English,Neutral,General,22
86c5f3ee-c434-469c-87bf-9abbcf96e454,Covid 19,easy to use and refill the petrol now!!,5,0,1.203.2,2026-06-30 18:25:19,,,False,39,True,False,1,Google Play,English,Positive,General,23
07c896d8-e66c-4349-8e5e-f68a8ae7283b,L L,troublesome to use for senior citizen.,1,0,1.203.2,2026-06-30 13:48:26,,,False,38,False,False,1,Google Play,English,Neutral,General,24
298783da-e677-4584-96c3-f5ad7664d821,Mohd Rosli Yusof,superb,4,0,,2026-06-30 12:26:45,,,False,6,False,False,1,Google Play,English,Neutral,General,25
687ecbfc-65fd-4d36-86bf-6d5d9cd1cf84,Remie Siah,"memudahkan,cepat dan tidak perlu beratur panjang lg lepas guna apps Setel ni.. point dpt tukar ke duit lg tu",5,0,1.203.2,2026-06-30 11:17:27,,,False,108,False,False,1,Google Play,English,Neutral,General,26
e5395ced-4f74-440f-b2f1-1a5aa91dac99,M Sufian,"Why is my Mesra Points redemption restricted? I have 3 vehicles registered under my account. Sometimes I forget to switch to the correct plate number before refueling — does this cause the restriction? Please explain this simply and share the proper guidelines or compliance rules that apply. If this issue cannot be resolved, I will need to switch to Petron instead.",1,0,1.203.2,2026-06-30 09:49:07,"Thank you for your feedback. We sincerely apologize for not meeting your expectation(s).
Our team would like to get in touch with you to discuss further. However, due to the app rating limitation, we do not have your details; hence, we would like to seek your kind cooperation to drop us an email at hello@setel.com.",2026-06-30 13:50:24,True,367,False,True,1,Google Play,English,Negative,General,27
045d914a-d776-40e4-934a-b1180164ea27,mamat johor,friendly,5,0,1.203.2,2026-06-30 08:49:41,,,False,8,False,False,1,Google Play,English,Neutral,General,28
c55fce64-4f49-429c-a7c5-8eb7390ef848,Viknesvaran Rajoo,its convenient and easier to use,5,0,1.203.2,2026-06-30 08:30:21,,,False,32,True,False,1,Google Play,English,Positive,General,29
cdddd74c-b77b-4885-bad0-b26dd96d81f1,Sera Rosli,Jom join refer dpt rm3,5,0,1.170.1,2026-06-30 08:14:48,,,False,22,False,False,1,Google Play,English,Neutral,General,30
62000bc5-79ed-46e3-acce-e34793d1213f,PM Silenttells,"Sebelum isi minyak top up di shopee, lepas tu top up di setel.. double cashback.. jimat..",5,0,1.203.2,2026-06-30 07:09:24,,,False,89,False,False,1,Google Play,English,Neutral,General,31
a3701d2f-479a-4026-b250-0036aa59646b,Bunga Orqid,bagus,5,0,1.203.2,2026-06-29 22:37:41,,,False,5,False,False,1,Google Play,English,Neutral,General,32
f8c6f13b-eb24-46dd-94a8-b225fd2a0d7e,Nurmuhammad Syakirin,"Good app right know because it's link with budi subsidi can manage and monitor by phone, got",5,0,1.203.0,2026-06-29 22:08:32,,,False,92,True,False,1,Google Play,English,Positive,General,33
3aebea6a-640f-4bbf-9521-4dd912704b92,Sufian 003,Okey,5,0,1.203.2,2026-06-29 09:00:47,,,False,4,False,False,1,Google Play,English,Neutral,General,34
721c6100-6357-4e36-8dc6-b2a13abb1a2f,Felix Schwarzenegger,keep logging out every time opening the app. Before this the app really make refuelling easier,2,0,1.203.2,2026-06-28 23:14:12,,,False,94,False,False,1,Google Play,English,Neutral,General,35
1a3cac33-b351-42fd-bbdb-444506e5e2d1,Shabariah Ismail,Jimat masa Alhamdulillah 👍🏼,5,0,1.203.0,2026-06-28 21:24:10,,,False,27,False,False,1,Google Play,English,Neutral,General,36
4f3c04cb-69da-451c-9ba5-2fda4f87bf2d,Kumaran Supramanian,wow,5,0,1.202.1,2026-06-28 21:16:52,,,False,3,False,False,1,Google Play,English,Neutral,General,37
3e588a4f-179f-4678-ab73-2bdebe65cc24,Muhammad Abdullah,3rd grade app,1,0,1.203.1,2026-06-28 16:55:17,,,False,13,False,False,1,Google Play,English,Neutral,General,38
e052e536-37e0-45d3-a890-8121331f2ac5,Ezequiel Andsaler,This is great!!! Easy to use!!!!,5,0,1.203.2,2026-06-28 11:18:58,,,False,32,True,False,1,Google Play,English,Positive,General,39
09d08110-5c13-4e5d-b6d6-a05d8ba98baf,Nik Omar,love to use setel suggested by my lovely wife. Thank you to my wife.,5,0,1.203.2,2026-06-28 10:39:23,,,False,68,True,False,1,Google Play,English,Positive,General,40
029b5702-1d5b-4bf5-a312-c19beb551667,Black Silvery,"My Details Rating: 90% — very good app, especially for PETRONAS fuel, BUDI MADANI, and quick payments",5,0,1.203.2,2026-06-27 16:05:23,,,False,101,True,False,1,Google Play,English,Positive,General,41
882cd67a-8e4c-4a98-bde1-4cf59d2f610f,Ag Jamil,very good,5,0,1.203.2,2026-06-27 13:35:38,,,False,9,True,False,1,Google Play,English,Positive,General,42
465ee977-6dd6-4de9-b61f-eac26772895f,zuhrin azam ahmad,Super easy. Super super easy.,5,0,1.203.1,2026-06-27 10:39:44,,,False,29,True,False,1,Google Play,English,Positive,General,43
ecf818bc-e75f-48da-ad79-9a279aa93541,mohd ruslee,"The app fail to check automatically my BUDI RON95 eligibility. Despite my available balance was 154L, it applies the pump price at RM3.47 instead of RM1.99. When raised the issue to Setel Call Center. They said cannot do much about it and blame user bcos not familiar enough with the app operation process. Had experience similar issue before this. Seems the bug is left unattended. Regret that my entitlement for the BUDI RON95 was taken from me becos of the app own weaknesses and failure.",1,0,1.203.2,2026-06-27 07:28:18,"Thank you for your feedback and we're sorry to hear about your experience.

We're currently checking your issue with the relevant team. Rest assured, we'll update you as soon as possible via the registered email linked to your Setel account.

We appreciate your patience while we work to resolve this matter.",2026-06-27 12:27:23,True,491,False,True,1,Google Play,English,Negative,General,44
a3f7928a-1edf-482e-9cd9-e407cf104d72,Naim Abdul Aziz,easy quick cashless transparent,5,0,1.203.1,2026-06-27 06:50:47,,,False,31,True,False,1,Google Play,English,Positive,General,45
aa1e8c02-8284-4a91-975b-75c1aa551a7e,Haris Fadilah,good and enjoy...,5,0,1.203.2,2026-06-27 06:49:18,,,False,17,True,False,1,Google Play,English,Positive,General,46
2dd711e6-0157-404d-b1ec-1619aa776c1a,wan 9w2wzm,Senang n cepat,5,0,1.202.1,2026-06-26 20:56:04,,,False,14,False,False,1,Google Play,English,Neutral,General,47
5d3cc485-68ae-48eb-af68-ac58927af175,Leslie Loo,What would make this app perfect? Integrate it with Android Auto and Carplay! Refuel with a tap on the car screen instead of having to rummage through your bag or pocket looking for the phone.,4,0,1.203.2,2026-06-26 18:46:45,,,False,192,False,False,1,Google Play,English,Neutral,General,48
7089de2e-236c-4db1-87e1-9c7c3d24341d,Salahidin Idin,bagus Dan cepat,5,0,1.202.1,2026-06-26 16:15:01,,,False,15,False,False,1,Google Play,English,Neutral,General,49
955e6f7b-0795-4632-ac8e-b9febcaf0f30,Muhamad Azli Hafidz Ismail,Terbaik dari ladang xpayah nak g kaunter...teruskan petronas..👍👍👍,5,0,1.202.1,2026-06-26 15:06:48,,,False,65,False,False,1,Google Play,English,Neutral,General,50
16193637-dbca-498d-b333-06754794107c,Zahim VVA,Memang problem setel. Aku deposit rm40 tak masuk pastu error tapi deposit rm3 masuk pulak. Dah banyak kali call customer service tapi tak dapat. Semua no customer service tak boleh pakai. Hantar email untuk buat aduan pun error. Bodoh betul!,1,0,1.203.2,2026-06-26 14:37:51,"Thank you for your feedback. Our team would like to get in touch with you to discuss further. However, due to the app rating limitation, we do not have your details; hence, we would like to seek your kind cooperation to drop us an email at hello@setel.com.",2026-06-27 12:29:07,True,241,False,True,1,Google Play,English,Negative,General,51
5369112a-c8d9-489f-914d-791a096f426c,hamzah mohamad,tak bleh nk daftar trus on je cam ne ye,1,0,,2026-06-26 12:59:49,"Terima kasih atas maklum balas yang diberikan. Kami sedia membantu, namun, disebabkan oleh had penilaian aplikasi, kami tidak mempunyai butiran anda; oleh itu, kami ingin memohon kerjasama anda untuk menghantar emel kepada kami di hello@setel.com.",2026-06-27 12:29:59,True,39,False,False,1,Google Play,English,Neutral,General,52
59afca1a-f423-4c61-a662-dbcb3e45df63,Viv Vivo,Very Good👍,5,0,1.203.1,2026-06-25 20:39:58,,,False,10,True,False,1,Google Play,English,Positive,General,53
3d2ef099-f3d6-40a8-97ac-fd04e1fa1af9,Razziq Rayyan,easy use and get something good,5,0,1.203.0,2026-06-25 09:00:10,,,False,31,True,False,1,Google Play,English,Positive,General,54
de88b3f7-3455-4b86-9174-a0d1bccd4626,Aiza Yunos,Very convenient,5,0,1.202.1,2026-06-24 10:13:40,,,False,15,True,False,1,Google Play,English,Positive,General,55
ff3b15b5-1743-404b-ae12-a0906ab84a10,Badrul Hisham,Convenient and easy to use.,5,0,1.202.1,2026-06-23 22:24:15,,,False,27,True,False,1,Google Play,English,Positive,General,56
89276d5c-d0d1-433e-bde2-ff8572488645,Aiman Ishak,okk lahh,5,0,1.203.0,2026-06-23 21:35:44,,,False,8,False,False,1,Google Play,English,Neutral,General,57
fa14a653-b223-48d9-b70b-00bd30de1273,Syed Azman,mata ganjaran dibekukan,1,0,1.202.1,2026-06-23 08:33:09,"Terima kasih atas maklum balas yang diberikan. Kami sedia membantu, namun, disebabkan oleh had penilaian aplikasi, kami tidak mempunyai butiran anda; oleh itu, kami ingin memohon kerjasama anda untuk menghantar emel kepada kami di hello@setel.com.",2026-06-27 12:29:42,True,23,False,False,1,Google Play,English,Neutral,General,58
0a5319ea-51b4-431a-a197-c0fb3c664a0f,Noor Syuhaidah,👍🏻,5,0,1.202.1,2026-06-23 07:31:18,,,False,2,False,False,1,Google Play,English,Neutral,General,59
4689bde3-54f8-4022-9125-30c3ecf91589,anep omar,easy to use. setel.,5,0,1.202.1,2026-06-22 22:00:20,,,False,19,True,False,1,Google Play,English,Positive,General,60
a71b49db-a46c-43b1-9470-cb34c6e87132,Faiz Razali,Sangat bagus gunakan Setel. Mudahkan urusan.,5,0,1.202.1,2026-06-22 20:38:34,,,False,44,False,False,1,Google Play,English,Neutral,General,61
8aebbb1d-7ad7-4397-8c06-60b4a453be62,Marcyllus T. John,efficient and user friendly....,5,0,1.202.1,2026-06-22 18:59:07,,,False,31,False,False,1,Google Play,English,Neutral,General,62
e194d4cc-ff75-49af-a57d-8a7ef7b9f105,Uiyy,cant even register,1,0,1.202.1,2026-06-22 15:01:32,"Thank you for your feedback. Our team would like to get in touch with you to discuss further. However, due to the app rating limitation, we do not have your details; hence, we would like to seek your kind cooperation to drop us an email at hello@setel.com",2026-06-22 17:54:37,True,18,False,False,1,Google Play,English,Neutral,General,63
c8f56815-5f19-4580-9bb7-66b92be97785,Joanna Joan Mandie,1 minit. so fast. thank you setel,5,0,1.203.0,2026-06-22 12:32:47,,,False,33,True,False,1,Google Play,English,Positive,General,64
36b3ad18-b482-4036-b566-7a81234089fc,daud mohd,terbaik,5,0,1.202.1,2026-06-21 10:51:57,,,False,7,False,False,1,Google Play,English,Neutral,General,65
b1bc48c5-d815-45db-bdfc-b7d8d668163e,Koi pahang Black fury93,bagus app ni,5,0,1.202.1,2026-06-21 09:43:24,,,False,12,False,False,1,Google Play,English,Neutral,General,66
2d6c68b1-4087-47c3-b28a-54ce1dfbe294,Datu Azrun (Boboi'Boiii),Steady,5,0,1.202.1,2026-06-20 15:03:28,,,False,6,False,False,1,Google Play,English,Neutral,General,67
4ad3a048-49ca-46d4-b5c8-d60f31af24e4,Rafida Sapok,it's very convenient!! Simple n easy,5,0,1.202.1,2026-06-20 03:55:16,,,False,36,True,False,1,Google Play,English,Positive,General,68
5f61eee1-53e9-42f3-94d2-e1b88ece9630,My Space Siti,excellent,5,0,1.202.1,2026-06-20 03:33:14,,,False,9,True,False,1,Google Play,English,Positive,General,69
95c8eefd-60c6-4bdd-9406-4de85698c566,Long Ey,"paling menyusahkan.. sudah top up malah tidak dapat membeli minyak, akaun di lock, tidak ada jalan penyelesaia..",2,0,1.173.0,2026-06-19 23:36:07,"Terima kasih atas maklum balas yang diberikan. Kami sedia membantu, namun, disebabkan oleh had penilaian aplikasi, kami tidak mempunyai butiran anda; oleh itu, kami ingin memohon kerjasama anda untuk menghantar emel kepada kami di hello@setel.com",2026-06-22 17:53:24,True,112,False,False,1,Google Play,English,Neutral,General,70
0f326a17-eb65-4ab7-b87f-fb3fc5bcd28a,mohamad haidin,need to have some improvement,2,0,1.202.1,2026-06-19 16:20:55,Your feedback is highly valuable as it is the inspiration and encouragement that our team needs to provide better services. Do let us know what else that we can Setel for you by dropping us an email at hello@setel.com. Thank you for having Setel as part of your journey.,2026-06-22 17:51:48,True,29,False,False,1,Google Play,English,Neutral,General,71
3d6e4d1d-6710-4fb9-a565-509b5e17526a,Aidilpon Dekli,iflix is a good entertainment application with enjoyable shows and movies,5,0,1.201.1,2026-06-19 12:26:23,,,False,73,True,False,1,Google Play,English,Positive,General,72
7b649475-6537-4e36-b18b-97864461bf26,Yasmin Yusof,very good,5,0,1.202.1,2026-06-18 11:22:30,,,False,9,True,False,1,Google Play,English,Positive,General,73
3c4ad32a-2867-47a6-9487-015b1638dd10,Francis Jaulit,Mantap,5,0,1.198.0,2026-06-18 10:09:24,,,False,6,False,False,1,Google Play,English,Neutral,General,74
5c02399c-1778-41ed-88fe-5155d4a2b2a9,Lll,thanks. very humble.,5,0,1.202.1,2026-06-18 02:14:15,,,False,20,False,False,1,Google Play,English,Neutral,General,75
90083506-5635-46f2-b5ab-063d309e9447,noraliza muhameddin,Good,5,0,1.202.1,2026-06-17 20:22:28,,,False,4,True,False,1,Google Play,English,Positive,General,76
640f445c-8a27-49eb-9db6-a64d788a8470,A Google user,Senang nak allocate duit minyak setiap bulan,5,0,1.202.1,2026-06-16 19:21:04,,,False,44,False,False,1,Google Play,English,Neutral,General,77
d2342445-8d95-4d5e-adbe-c99f81548215,FIFIE HANIEZAH,"easy to use, and very convenient. bravo to the developer!",5,0,1.201.1,2026-06-15 16:22:23,,,False,57,True,False,1,Google Play,English,Positive,General,78
40e0326a-4f28-4f54-a27f-aafb11b0703e,mikai aizat,lembab nk update selepas topup,1,0,1.202.1,2026-06-15 14:08:17,"Terima kasih atas maklum balas yang diberikan. Kami sedia membantu, namun, disebabkan oleh had penilaian aplikasi, kami tidak mempunyai butiran anda; oleh itu, kami ingin memohon kerjasama anda untuk menghantar emel kepada kami di hello@setel.com",2026-06-22 17:50:27,True,30,False,False,1,Google Play,English,Neutral,General,79
166d1804-3f31-43a4-9d9a-45869fc7f7e3,INNOCENT EMMANUEL PODTUNG,nice,5,0,,2026-06-14 20:21:29,,,False,4,False,False,1,Google Play,English,Neutral,General,80
c43d21d4-cfd2-4dd6-af41-c60452e573fd,Chiol Tausun,good apps,5,0,1.201.1,2026-06-14 10:09:06,,,False,9,True,False,1,Google Play,English,Positive,General,81
c48801ed-4c30-4da4-8dd0-36f4e083bb22,Jason Joshua,Most convenient petrol app ever!!,5,0,1.201.1,2026-06-14 08:53:27,,,False,33,True,False,1,Google Play,English,Positive,General,82
91f826a2-9584-4570-a63e-302a5a6f1636,Fara Ain,very easy to use.,5,0,1.202.1,2026-06-13 20:45:56,,,False,17,True,False,1,Google Play,English,Positive,General,83
d4185a10-c0d3-41a4-bc41-5b86f2eef376,Vromm Vromm,Fast and reliable,5,0,,2026-06-13 16:19:55,,,False,17,True,False,1,Google Play,English,Positive,General,84
e75df4d7-cc49-4217-9e9a-6b3b4aa4413d,Sharipah Selehah,mudah Dan cepat,5,0,1.201.1,2026-06-13 15:26:02,,,False,15,False,False,1,Google Play,English,Neutral,General,85
516fe18f-34d8-4df5-973f-45eae6ba5f54,ROHANI MUSA,"convenient,no need to walk to the counter.",5,0,1.201.1,2026-06-12 21:06:19,,,False,42,True,False,1,Google Play,English,Positive,General,86
b271ce6a-e6f5-4c3d-a59a-dd6e7a4cc9d2,Sharrizat Sharuddin,Great apps !,5,0,,2026-06-12 18:04:42,,,False,12,True,False,1,Google Play,English,Positive,General,87
3a54a23a-7376-4ed0-9fbe-b22fc91c04d2,Ayik Pakyik,"Aplikasi ini amat memudahkan pengguna, tanpa perlu pergi ke kaunter dan tidak mendedahkan kad pengenalan kepada orang lain. Bila2 masa dan dimana2 stesen petronas.",5,0,1.202.1,2026-06-12 13:10:17,,,False,163,False,False,1,Google Play,English,Neutral,General,88
82b0f1e7-6649-4bb4-a351-e1176964da72,Mhd Fds,mudah dan cpt bagus,5,0,1.201.1,2026-06-12 12:20:57,,,False,19,False,False,1,Google Play,English,Neutral,General,89
af4d1f0e-4473-4b19-9d86-4e422d4c938b,arehamidon sitizaleha,easy n 👍,5,0,1.201.1,2026-06-11 16:03:28,,,False,8,True,False,1,Google Play,English,Positive,General,90
b1982551-d1c1-44bd-94fb-009463d40cb2,Chris Tan,"I will use this app to pay bills if every month has cashback, definitely save a lot and big help for me if this app can provide cashback for paying bills. Really appreciate it if you are listening.",5,0,,2026-06-11 14:39:41,,,False,197,False,False,1,Google Play,English,Neutral,General,91
a7984d58-e499-4672-bfc7-7dff7c725f43,Mohd Rashid Abdullah,Easy smooth,5,0,1.196.1,2026-06-10 22:05:40,,,False,11,True,False,1,Google Play,English,Positive,General,92
8cd54a4f-9860-4ad5-aed8-36ff47fb4e47,Mohamad Hafiz Mohamad Nor,mudah utk isi minyak xperlu ke caunter,5,0,1.201.1,2026-06-10 17:48:28,,,False,38,False,False,1,Google Play,English,Neutral,General,93
6d726bb0-20d8-4b81-807a-065dfbe3d3fe,amirull8627,Terbaik,5,0,1.201.1,2026-06-10 07:09:12,,,False,7,False,False,1,Google Play,English,Neutral,General,94
6d7efc33-8087-4c88-a34c-c41161b23078,Sam Jamain,"Easy, hassle free to use",5,0,1.201.1,2026-06-10 01:35:41,,,False,24,True,False,1,Google Play,English,Positive,General,95
147a3d90-dff0-4f37-a4ec-70c03de3b747,Norman Naim,it so easy to use,5,0,1.199.0,2026-06-09 19:06:45,,,False,17,True,False,1,Google Play,English,Positive,General,96
2118fa3d-8975-4eb9-8a24-2f94fd6e759f,Aqil Irfan,Marvellous.. Leading the way,5,0,1.201.1,2026-06-09 18:37:55,,,False,28,False,False,1,Google Play,English,Neutral,General,97
b70b6c2d-edb1-4f69-a207-dc4d55e70069,Yeo Lee Han,"Account restricted for no reason. New account, restricted right after sign up. Cannot top up or make any payment. Customer support is AI that provide generic answers, and doesnt help. Never wanted to use this app, but forced to use by Kluang local council for parking. Dont understand why the street parking payment in Johor is so stupid. One state, multiple payment apps required for the multiple local councils. Unlike other states can just pay with TNG all in the same app. Please help improve, TQ",1,1,1.201.1,2026-06-09 16:09:13,"Thank you for your feedback. Our team would like to get in touch with you to discuss further. However, due to the app rating limitation, we do not have your details; hence, we would like to seek your kind cooperation to drop us an email at hello@setel.com. Our Support team has been notified of your issue and they will be expecting an email from you",2026-06-10 14:02:52,True,500,False,False,1,Google Play,English,Neutral,General,98
8909e4c2-586f-4f90-94ae-44cada4fb00d,Adzuan Shamsany Bin Mohd Ismail,ALHAMDULILLAH Semua Setel dengan SETEL.,5,0,1.201.1,2026-06-09 13:30:16,,,False,39,False,False,1,Google Play,English,Neutral,General,99
f5328a72-575a-4b6a-bff6-62f262878fa1,Nirwana Roseli,Mudahkan urusan pump minyak petrol,5,0,1.201.1,2026-06-09 12:26:38,,,False,34,False,False,1,Google Play,English,Neutral,General,100
cd6f56ef-3fde-475b-a52d-da0103b3434c,charles yong,good,5,0,1.201.1,2026-06-08 23:57:08,,,False,4,True,False,1,Google Play,English,Positive,General,101
ecac0cd4-21db-4e32-80b9-f490388b7975,Mr Bubulat,one tap and everything settled!,5,0,1.201.1,2026-06-08 11:49:26,,,False,31,False,False,1,Google Play,English,Neutral,General,102
be8f49e9-2980-4ae9-92cd-56dbcc595062,luqman sakijan,terbaik 10 tahun dh guna,5,0,1.201.1,2026-06-08 09:59:56,,,False,24,False,False,1,Google Play,English,Neutral,General,103
66821075-af14-4a24-b7f2-73835aa18e24,pantai timur,excellent 👍👍👍,5,0,1.201.1,2026-06-08 08:57:27,,,False,13,True,False,1,Google Play,English,Positive,General,104
59ee79e0-f7ad-474c-a47e-7fb00cc7808b,Naz Hadi,Easy Peasy & Highly Recommendes,5,0,1.201.1,2026-06-08 08:50:48,,,False,31,True,False,1,Google Play,English,Positive,General,105
60806928-9bdd-4a5c-99c7-fd74786c1b4e,Jeremy Remy,almost liked,5,0,1.201.1,2026-06-07 11:55:56,,,False,12,False,False,1,Google Play,English,Neutral,General,106
b9eb46a6-72e1-4c39-b5b1-9d1f5f2fb799,Mad (Ling),great apps ! good job 👍,5,0,1.201.1,2026-06-07 10:47:51,,,False,23,True,False,1,Google Play,English,Positive,General,107
49164071-70ad-45ed-a864-e6e5b2822672,Ma Lek,Very Good,5,0,1.201.1,2026-06-07 06:55:07,,,False,9,True,False,1,Google Play,English,Positive,General,108
b029cc33-edb6-457d-bf6e-e2dfff86e0d0,pkdk99,"Setel has made refueling much easier and more convenient. No need to queue at the counter, and payments are quick and seamless. The app is easy to navigate, and I can easily track my fuel purchases and transaction history. Overall, a very useful app that saves time and improves the fueling experience. Highly recommended! 🚗⛽",5,6,,2026-06-06 19:05:35,,,False,325,True,False,1,Google Play,English,Positive,General,109
516a083c-4320-4398-a34b-770566952381,Zikwq_ 265,easy to use especially for first time user :),5,0,1.201.1,2026-06-06 12:28:23,,,False,45,True,False,1,Google Play,English,Positive,General,110
3012cc88-9621-4c80-84e3-38514bfbf013,Atirah Hadi,untung dan jimat masa,5,0,,2026-06-06 00:26:12,,,False,21,False,False,1,Google Play,English,Neutral,General,111
72f9724f-b770-46c0-a4bb-841ca4457f82,Fatin Azemi,convenient,5,0,1.200.0,2026-06-05 19:01:51,,,False,10,True,False,1,Google Play,English,Positive,General,112
f3aec761-2ddc-40e4-9c88-f5fb4e46161f,irmanisha ibrahim,Really helpful for a mom with kids alone,5,0,1.201.1,2026-06-05 08:09:19,,,False,40,False,False,1,Google Play,English,Neutral,General,113
643b06b6-e826-47be-a419-d37f921e30bb,Adenan Mat Ali,"Bagus, tak payah pergi kaunter",5,0,1.201.1,2026-06-04 21:17:14,,,False,30,False,False,1,Google Play,English,Neutral,General,114
18f7ff88-855c-4ccf-a25f-e2e19ec09cbe,Abd Latif Sirim,"For me, Settle is a good application. You can use it at any PETRONAS Petrol Station to purchase petrol. You have to transfer some money into the account before you can purchase & will be deducted from it. Just follow instructions. It will show you all the purchases recorded including your money and petrol balance under Budi95 or Budi Diesel.",5,0,1.201.1,2026-06-04 09:03:44,,,False,343,True,False,1,Google Play,English,Positive,General,115
60908c50-54e4-41cb-b601-f008aa0b2a72,media sya,"convenient, friendly user. good job! 👏🏻👍🏻",5,0,1.201.1,2026-06-04 08:10:46,,,False,41,True,False,1,Google Play,English,Positive,General,116
6932af9d-3387-494c-a9ce-38df523b447c,Mong Empire,very easy,5,0,1.201.1,2026-06-03 20:18:24,,,False,9,True,False,1,Google Play,English,Positive,General,117
aa121cb9-8e60-4e2e-8096-c7446d3d145a,Mohd Israfil,senang dan mudah,5,0,1.201.1,2026-06-03 18:30:42,,,False,16,False,False,1,Google Play,English,Neutral,General,118
ae521aee-becf-4203-b6bd-fba236f72e5f,Amirr Ambia,Cepat dan mudah.,5,0,1.201.1,2026-06-03 12:03:29,,,False,16,False,False,1,Google Play,English,Neutral,General,119
137a3ab3-e2c6-4302-8fef-9cabaaba62b6,Syam Otai,Settel memang terrrbaik. Memudahkan saya untuk mengumpul poins dan mengisi minyak di Petronas. Terrrbaik.,5,0,1.201.1,2026-06-02 21:33:24,,,False,105,False,False,1,Google Play,English,Neutral,General,120
c0a7a00e-938e-4963-8fe8-4329a5530209,mohd farid,urusan mudah cepat dan pantas,5,0,1.201.1,2026-06-02 20:53:08,,,False,29,False,False,1,Google Play,English,Neutral,General,121
e1e67811-4a4f-4b60-939e-8626387909f0,faizal waris,sangat memudahkan setel ni sejak dh tau cra gna saya hnya gunakan petronas utk isi mnyk..,5,0,1.201.1,2026-06-01 19:19:39,,,False,89,False,False,1,Google Play,English,Neutral,General,122
b70ddd28-d529-4a47-b949-b6f2344a6820,Khairi Mohamad,"Working great. It's more than just an app to refuel the petrol. Easy to access and redeem loyalty point. Good job, developer!",5,1,1.201.1,2026-06-01 05:22:08,,,False,125,True,False,1,Google Play,English,Positive,General,123
50e5563f-429b-4275-8907-b74e1b67be6a,Kasmah Daut,"Serius, dgn pengisian one tap, mudah giler 🤣🤣",5,0,1.201.1,2026-05-31 22:18:47,,,False,45,False,False,1,Google Play,English,Neutral,General,124
41619595-ad9b-40d5-ac72-123187527f11,Zamri Mikhael,👍,5,0,1.201.1,2026-05-31 21:57:12,,,False,1,False,False,1,Google Play,English,Neutral,General,125
770d065f-9e91-4278-990a-82a7f70bf4c7,Shinoda 09,So convenient and easy to use...,5,0,1.201.1,2026-05-30 21:58:10,,,False,32,True,False,1,Google Play,English,Positive,General,126
303040fe-f18f-454d-a132-7bc9a5a57a7e,Mohammad Noor Ain Wagen,very Convenient.,5,0,1.201.1,2026-05-30 14:03:31,,,False,16,True,False,1,Google Play,English,Positive,General,127
fd88b3ac-198f-4799-8ada-ea1b727227c3,Lasakura,Sekarang dah kena charges 1% dah bila top up guna card credit maybank... baik x payah guna... baik guna kaunter ja...,1,0,1.201.1,2026-05-30 13:17:00,"Thank you for your feedback. Our team would like to get in touch with you to discuss further. However, due to the app rating limitation, we do not have your details; hence, we would like to seek your kind cooperation to drop us an email at hello@setel.com. Our Support team has been notified of your issue and they will be expecting an email from you",2026-06-10 14:03:19,True,117,False,False,1,Google Play,English,Neutral,General,128
06f21bb6-6cf3-4a21-b737-a62a7b395803,Norhashimah MdHashim,very convenient,5,0,1.201.1,2026-05-30 10:57:59,,,False,15,True,False,1,Google Play,English,Positive,General,129
be926e72-ebed-4cf2-b1ac-fb4399d15bb8,Fareezul Amri,cepat dan mudah 👍🥰,5,0,1.201.1,2026-05-30 09:29:47,,,False,18,False,False,1,Google Play,English,Neutral,General,130
1d63312f-e22f-4f99-8800-7387da1845d9,muhammad shah rizad bin mohamad fauzi,"dekat tng senang verified account untuk budi . dekat sini menyusahkan betol , banyak kali ulang ,entag apa benda yang jadi problem sangat tah . menyusahkan betol",1,0,1.201.1,2026-05-29 15:40:49,"Thank you for your feedback. Our team would like to get in touch with you to discuss further. However, due to the app rating limitation, we do not have your details; hence, we would like to seek your kind cooperation to drop us an email at hello@setel.com. Our Support team has been notified of your issue and they will be expecting an email from you",2026-06-10 14:03:31,True,161,False,True,1,Google Play,English,Negative,General,131
b59e084f-fbbd-4ec2-a9b1-33e5f60a81f1,Mat Adli,mantopp,5,0,1.201.1,2026-05-29 11:45:51,,,False,7,False,False,1,Google Play,English,Neutral,General,132
026d916d-877d-4e23-9683-23b742f7e750,norzailah Z.A.,Easy and convenient. No hassle.,5,1,1.201.1,2026-05-28 12:03:01,,,False,31,True,False,1,Google Play,English,Positive,General,133
5911cab5-f8ae-405d-a425-68e0fc5401fa,effendy mohamad shah,x pernah dapat pun 3x reward,3,0,1.201.1,2026-05-27 19:24:47,"Thank you for your feedback. Our team would like to get in touch with you to discuss further. However, due to the app rating limitation, we do not have your details; hence, we would like to seek your kind cooperation to drop us an email at hello@setel.com. Our Support team has been notified of your issue and they will be expecting an email from you",2026-06-10 14:04:19,True,28,False,False,1,Google Play,English,Neutral,General,134
4419dfeb-aa65-4f73-9b61-155487a530c6,Safuwan Jamaludin,easy and smart,5,0,,2026-05-27 19:09:07,,,False,14,True,False,1,Google Play,English,Positive,General,135
238859d6-202c-446e-b25e-098b4fa0becb,liza,mudah dan dipercayai,5,0,1.201.1,2026-05-27 16:46:23,,,False,20,False,False,1,Google Play,English,Neutral,General,136
94f6d692-aa44-4335-82b5-bcaecbaf1505,Kartini Sri Dewi Birkamsin,Easy to use.,5,0,1.201.1,2026-05-27 12:19:18,,,False,12,True,False,1,Google Play,English,Positive,General,137
09bf1b33-9b27-4537-938c-98c8a1c8e15e,pesa peja,Best apps,5,0,1.201.1,2026-05-27 08:04:49,,,False,9,True,False,1,Google Play,English,Positive,General,138
cc73fa98-b932-4a34-99c8-437d5c3775e1,Harith's,"after new update, the app become slower to open and pay..",1,0,1.201.1,2026-05-27 06:47:19,"Thank you for your feedback. Our team would like to get in touch with you to discuss further. However, due to the app rating limitation, we do not have your details; hence, we would like to seek your kind cooperation to drop us an email at hello@setel.com. Our Support team has been notified of your issue and they will be expecting an email from you",2026-06-10 14:04:31,True,57,False,True,1,Google Play,English,Negative,General,139
9e439446-01e3-49cf-845d-adabe39199b3,nizam kamikaze,senang dan pantas,5,0,1.201.1,2026-05-26 22:05:46,,,False,17,False,False,1,Google Play,English,Neutral,General,140
6fd84c3b-0a9f-466f-a272-4804dd4a7c3f,Izz Atqa,amat memudahkan urusan harian,5,0,1.201.1,2026-05-26 15:18:25,,,False,29,False,False,1,Google Play,English,Neutral,General,141
473a6813-dc3e-4c20-9bb9-9b539c2ce9e8,Aiham Cute,so setel☺️,5,0,1.201.1,2026-05-25 22:58:19,,,False,10,False,False,1,Google Play,English,Neutral,General,142
63a529a4-728e-4486-b633-1a73e35ab576,wong yue lee,very good 👍 TQ,5,0,1.201.1,2026-05-25 22:32:15,,,False,14,True,False,1,Google Play,English,Positive,General,143
1e446ef7-6b4b-40bb-b2d1-bab1690c8cdf,Mohd Hafiz,for me setel app userfriendly then other app leceh kadang2,5,0,1.201.1,2026-05-25 21:44:48,,,False,58,False,False,1,Google Play,English,Neutral,General,144
70758ac9-a68c-4c56-bfa5-21eeec650a3c,Abdullah Ali Al Jabar Masood,"paid for parking using setel, I think steel should prompt the user which vehicle to would need to be paid for, if there are more than one vehicle registered in the app.",1,0,,2026-05-25 14:05:02,"Thank you for your feedback. Our team would like to get in touch with you to discuss further. However, due to the app rating limitation, we do not have your details; hence, we would like to seek your kind cooperation to drop us an email at hello@setel.com. Our Support team has been notified of your issue and they will be expecting an email from you",2026-06-10 14:04:37,True,168,False,False,1,Google Play,English,Neutral,General,145
60b754b5-1028-4c73-95c9-279d5b2b9218,Tg Faizul,very convenient ...,5,0,1.187.2,2026-05-22 14:22:42,,,False,19,True,False,1,Google Play,English,Positive,General,146
99d2fcb1-71a4-4dae-a898-30229fe49205,Zahiruddin Shah,"Convenient, powerful, user friendly,",5,0,1.201.1,2026-05-22 12:58:37,,,False,36,True,False,1,Google Play,English,Positive,General,147
cb254c87-5c8f-4bfd-b343-ad9200e0f263,Mohd Rezal,terbaik... mempermudahkn segala urusan di petrol Pam ... mudah&lancar,5,0,1.200.0,2026-05-22 12:31:26,,,False,69,False,False,1,Google Play,English,Neutral,General,148
19b861c7-9152-4593-9844-eeed942996a8,Hafiza Hamid,"The app is useful, but here is what I don't like which dropped my rating from 5 to 3. The fund is either a transferrable or non-transferrable. The one with the quickest reload can't be transferred to other account. This info is only prompted to me when I attempted to transfer. NOT when I'm reloading my fund. It should have been the other way around.",3,35,1.201.1,2026-05-22 11:09:33,"Thank you for your feedback. Our team would like to get in touch with you to discuss further. However, due to the app rating limitation, we do not have your details; hence, we would like to seek your kind cooperation to drop us an email at hello@setel.com. Our Support team has been notified of your issue and they will be expecting an email from you",2026-06-10 14:04:45,True,351,False,False,1,Google Play,English,Neutral,General,149
08b26fc6-70a9-4c81-9a87-b8b887fa9c15,mohd fariq,jangan claim mesra reward ke voucher sebab cara claim voucher bila dh leret di kira dh guna walaupon cashier ckp tak boleh guna di situ.,1,0,1.199.0,2026-05-21 09:49:04,"Thank you for your feedback. Our team would like to get in touch with you to discuss further. However, due to the app rating limitation, we do not have your details; hence, we would like to seek your kind cooperation to drop us an email at hello@setel.com. Our Support team has been notified of your issue and they will be expecting an email from you",2026-06-10 14:05:37,True,136,False,False,1,Google Play,English,Neutral,General,150
54633eb6-1dfe-4773-be96-119874719631,Amanah MA,"easy use, no hassle, quick",5,0,1.200.0,2026-05-19 22:51:43,,,False,26,True,False,1,Google Play,English,Positive,General,151
5cb64eed-331d-4aca-92f7-e86ede1a36d3,ryo,"Bill payment show unable to load categories, please try again later, already clear cache and reinstall still same error",1,0,1.200.0,2026-05-19 17:15:48,"Thank you for your feedback. Our team would like to get in touch with you to discuss further. However, due to the app rating limitation, we do not have your details; hence, we would like to seek your kind cooperation to drop us an email at hello@setel.com. Our Support team has been notified of your issue and they will be expecting an email from you",2026-06-10 14:05:43,True,119,False,True,1,Google Play,English,Negative,General,152
805d790f-7ffc-45a3-bb0b-41542eebe55d,Noaidawati Embong,so easy..,5,0,1.200.0,2026-05-19 12:42:46,,,False,9,True,False,1,Google Play,English,Positive,General,153
73c0c56c-fcfa-45c3-a34d-f4abbe3e428c,Nur Sharkilla,I couldn't even do a verification for these apps. I have been trying so many times but the apps still have an error. Gonna uninstall in soon. mehh,1,0,1.200.0,2026-05-19 09:32:25,"Thank you for your feedback. Our team would like to get in touch with you to discuss further. However, due to the app rating limitation, we do not have your details; hence, we would like to seek your kind cooperation to drop us an email at hello@setel.com. Our Support team has been notified of your issue and they will be expecting an email from you",2026-06-10 14:07:06,True,146,False,True,1,Google Play,English,Negative,General,154
5a813c83-4d94-4fcd-9e4c-c21b7cbfd215,Muaz Baharudin,mantap,4,0,1.200.0,2026-05-19 08:17:38,,,False,6,False,False,1,Google Play,English,Neutral,General,155
de5c89bd-68e5-4713-9f7a-d79de98876ec,elizabeth maria soosai,its the BEST,5,0,1.200.0,2026-05-18 21:42:23,,,False,12,True,False,1,Google Play,English,Positive,General,156
e8fbf733-78dc-407c-98fc-95be64b219b6,Zulkifli Che Sulaiman,"until now, there are no other apps come close",5,0,1.200.0,2026-05-18 14:15:18,,,False,45,False,False,1,Google Play,English,Neutral,General,157
404d19d1-7436-4005-a095-8f1c75c86bbc,KONG KAH HON,very easy no need everytime IC,5,0,1.200.0,2026-05-18 08:25:07,,,False,30,True,False,1,Google Play,English,Positive,General,158
46e5c930-fc35-45e5-b9e5-4b44870a4909,shivram appalasamy,easy to use. just got an issue. I need to unlink my old card. please assist,5,1,1.199.0,2026-05-18 06:09:09,,,False,75,True,True,1,Google Play,English,Negative,General,159
330c0460-a01b-43ef-be4d-d0c9d1d216ae,Dabrowski Migin,easy to refill fuel,5,0,1.200.0,2026-05-17 23:02:06,,,False,19,True,False,1,Google Play,English,Positive,General,160
4346a9d4-7326-4cd0-a30e-9ab64819680f,tini ali,Mudah... Klik saja terus boleh jalan kereta..,5,0,1.200.0,2026-05-17 22:02:44,,,False,45,False,False,1,Google Play,English,Neutral,General,161
549b2736-ffcb-4eb8-8dd9-793450079f83,asmur 88,bagusss... mantap... alhamdulillah...,5,0,1.194.1,2026-05-17 21:11:54,,,False,37,False,False,1,Google Play,English,Neutral,General,162
bbdfe53a-81ad-405f-852f-a9122f0ce09e,Lee Kai Ruon,easy to use,5,0,1.200.0,2026-05-17 21:07:41,,,False,11,True,False,1,Google Play,English,Positive,General,163
07e43595-cbd6-451a-ae2a-7c5718897a23,Krel Adam,love it..,5,0,1.200.0,2026-05-17 13:52:53,,,False,9,True,False,1,Google Play,English,Positive,General,164
9184cb70-ec48-4d87-b86c-9adbb946d321,Nia Def,manTOP,5,0,1.198.0,2026-05-17 10:15:00,,,False,6,False,False,1,Google Play,English,Neutral,General,165
6d7b75b7-84d0-42fa-bdb2-a5f88656d568,ZJepun80,"senang wehhh x yah beratur kat kaunter nak bawak IC bagai topup je siap², setel #setel",5,0,1.199.0,2026-05-16 19:03:09,,,False,86,False,False,1,Google Play,English,Neutral,General,166
86dc511a-01f1-492e-a539-bba3af2521a9,guguBird,Displays wrong Budi95 balance,1,0,1.200.0,2026-05-16 10:31:28,"Thank you for your feedback. Our team would like to get in touch with you to discuss further. However, due to the app rating limitation, we do not have your details; hence, we would like to seek your kind cooperation to drop us an email at hello@setel.com. Our Support team has been notified of your issue and they will be expecting an email from you",2026-06-10 14:35:08,True,29,False,False,1,Google Play,English,Neutral,General,167
2a4bca8e-d852-4471-91bf-ac6628f5dbf0,Mc Thavan,add tng as a topup option tq,4,0,1.200.0,2026-05-16 06:54:01,,,False,28,False,False,1,Google Play,English,Neutral,General,168
881679cd-1cc9-4985-a42d-f5d23f64ddd2,senseii,memudahkan proses mengisi minyak,5,0,1.199.0,2026-05-15 21:57:10,,,False,32,False,False,1,Google Play,English,Neutral,General,169
1753982f-7115-407b-bfed-12bfdb6e6307,Muhammad Yusuf,mudah n senang,5,0,1.200.0,2026-05-15 14:56:37,,,False,14,False,False,1,Google Play,English,Neutral,General,170
84ed5ca1-dfb5-49f5-8d6f-f5225079cfe5,Zalina Lambak,"First time guna SETEL, MUDAH SANGAT DENGAN SETEL... I LOVE PETRONAS DGN WUJUDNYA APPS SETEL NI.. RUGI SELAMA NI TAK GUNA SETEL..",5,0,1.200.0,2026-05-15 12:55:35,,,False,128,True,False,1,Google Play,English,Positive,General,171
d2bfa857-89b0-4209-a7af-4b073f56ed4f,Zny Roslan,memudahkan kerja. jimat masa.,5,0,1.200.0,2026-05-15 12:48:39,,,False,29,False,False,1,Google Play,English,Neutral,General,172
dfe27825-60fc-4b1a-9b46-85356e103c4e,mmfirdaus mfm,Fast n efficient 👍,5,0,1.200.0,2026-05-15 12:04:21,,,False,18,True,False,1,Google Play,English,Positive,General,173
54ac2e97-e5d0-40e2-9b40-9b5fc5ddccdd,Muhammad Syafiq,very good,5,0,1.199.0,2026-05-15 09:55:20,,,False,9,True,False,1,Google Play,English,Positive,General,174
9380db9a-c49c-4d86-9d4c-1700dc611a6a,Sharifah Noorhidayah,easy to use,5,0,1.199.0,2026-05-13 20:11:18,,,False,11,True,False,1,Google Play,English,Positive,General,175
c2402f04-9493-43ec-bdbd-e7abcc64b821,Misz Wardah Aini,easy to use and redeem points,5,1,1.199.0,2026-05-13 20:04:27,,,False,29,True,False,1,Google Play,English,Positive,General,176
23da4373-9244-4e42-882d-674012a0ed4f,Min Joe,good aps easier to use fill and payment,5,1,1.196.1,2026-05-13 19:45:43,,,False,39,True,False,1,Google Play,English,Positive,General,177
9ad92367-1956-47d6-8a4f-98f901d1de0f,papai bha,harus kah kena ada lesen,5,0,1.200.0,2026-05-13 18:41:09,,,False,24,False,False,1,Google Play,English,Neutral,General,178
6119e53c-d473-49e2-89a5-5714aef786bc,WAN MUSTAQIM,great apps,5,0,1.199.0,2026-05-13 17:58:22,,,False,10,True,False,1,Google Play,English,Positive,General,179
074ec82e-d742-43e8-becb-f43742f45e18,Sport D,easyyyy,5,0,1.199.0,2026-05-13 17:01:16,,,False,7,True,False,1,Google Play,English,Positive,General,180
349c03ea-0bf1-47ea-9a47-49cd8d05c8e3,Mathews Davidson,good,5,0,1.200.0,2026-05-13 03:30:08,,,False,4,True,False,1,Google Play,English,Positive,General,181
751cbd5e-ad23-4fd0-af5a-2cd5e896f7c6,Muhammad Hizami,mantap.terbaik,5,0,1.199.0,2026-05-12 22:41:07,,,False,14,False,False,1,Google Play,English,Neutral,General,182
a62fb70b-1277-4bde-9665-7831b029d38d,Rosfarahiza Che mat Amin,easy to use faster than ever,5,0,1.199.0,2026-05-12 20:46:44,,,False,28,True,False,1,Google Play,English,Positive,General,183
27126e8e-d823-4511-9e9a-2b8948291ae9,Jack GAN,"After updating the apps, it auto-offed my Budi.This made me fail to claim my petrol transaction, and Steel did not respond to this, just telling me it was non-refundable.Please fix it.",1,1,1.199.0,2026-05-12 19:42:01,"Thank you for your feedback. Our team would like to get in touch with you to discuss further. However, due to the app rating limitation, we do not have your details; hence, we would like to seek your kind cooperation to drop us an email at hello@setel.com. Our Support team has been notified of your issue and they will be expecting an email from you",2026-06-10 14:35:38,True,184,False,True,1,Google Play,English,Negative,General,184
ce092e73-ed59-4963-849c-9cccd3399466,Sk Shiva,Always a good,5,0,1.199.0,2026-05-12 15:55:04,,,False,13,True,False,1,Google Play,English,Positive,General,185
79243f1b-9f62-4dd2-81dd-6f75328d75c3,razib mohd,It is very user friendly and the application runs smoothly even during my data line speed connection are slow.,5,3,1.199.0,2026-05-11 23:39:03,,,False,110,True,True,1,Google Play,English,Negative,General,186
4980272c-cd34-455e-abd3-25df214ff0f9,Mazlina Jamedin,slow to many app,1,0,1.199.0,2026-05-11 21:02:05,"Thank you for your feedback. Our team would like to get in touch with you to discuss further. However, due to the app rating limitation, we do not have your details; hence, we would like to seek your kind cooperation to drop us an email at hello@setel.com. Our Support team has been notified of your issue and they will be expecting an email from you",2026-06-10 14:36:06,True,16,False,True,1,Google Play,English,Negative,General,187
997e2c16-9ea4-40cc-a4c1-836d09a63572,Mohd al' apis Mohd Amin,mudah & pantas. Rugi kalau tak guna,5,0,1.199.0,2026-05-11 21:01:14,,,False,35,False,False,1,Google Play,English,Neutral,General,188
d8be9f1c-0f9f-443f-9e80-4617f688936c,Nanthienee Muthuboy,"very helpful, very easy,save time and energy..love the app ☺️❤️",5,1,1.199.0,2026-05-11 18:45:17,,,False,63,True,False,1,Google Play,English,Positive,General,189
b52e7736-3847-423a-ab61-5a7eaa0ce5b1,Faris Imadi,"easy to use, simple interface, nice reward system",5,1,1.199.0,2026-05-11 16:39:39,,,False,49,True,False,1,Google Play,English,Positive,General,190
9486076b-3444-4a87-9d42-295c00434ed3,Afizah J,bagus... mudah nak pakai..,5,0,1.199.0,2026-05-11 06:47:50,,,False,26,False,False,1,Google Play,English,Neutral,General,191
7051bee3-ae98-4b8c-9e5c-ac1a8c4dbc39,Rajeswary Rajeswary,great app...,5,0,1.199.0,2026-05-11 01:46:31,,,False,12,True,False,1,Google Play,English,Positive,General,192
9d22c427-6907-4b3e-987e-2c5bf12f7654,Mohd Noor Azman,"helpfull, rewarding, easy to use just clicks away to refuell.",5,1,1.199.0,2026-05-10 19:23:52,,,False,61,True,False,1,Google Play,English,Positive,General,193
acc06845-70b5-47ea-9c13-330c43213a25,Malar Kandasamy,the most practical and easy to use app.,5,0,1.199.0,2026-05-10 15:31:45,,,False,39,True,False,1,Google Play,English,Positive,General,194
8ce43e4b-ad0d-4682-8199-a91ca8c68668,abdullah othman,senang dan terbaik..point die pn best,5,0,1.199.0,2026-05-10 14:57:38,,,False,37,True,False,1,Google Play,English,Positive,General,195
8464be67-585c-4a72-960e-b970c9bf2ab7,Azwan Radzi,Great apps,5,0,1.199.0,2026-05-10 12:26:03,,,False,10,True,False,1,Google Play,English,Positive,General,196
a94c4048-61d3-490c-86fd-5d2f8c389ffa,Nowa My,"convenient, helpful, transparent. good job petronas.",5,1,1.199.0,2026-05-09 20:53:39,,,False,52,True,False,1,Google Play,English,Positive,General,197
58e1eceb-c3af-4bf4-bcb9-41af0b90364f,Hasif Zikry,Each petrol station need to have this,5,0,1.199.0,2026-05-09 10:22:46,,,False,37,False,False,1,Google Play,English,Neutral,General,198
d8877f16-e49d-4534-9ec1-4674e54ce4e1,Kevin,"setel guna credit card ada fee 1%,memang menyusahkan...apps plak kdg slow response...",1,0,,2026-05-09 09:25:20,"Thank you for your feedback. Our team would like to get in touch with you to discuss further. However, due to the app rating limitation, we do not have your details; hence, we would like to seek your kind cooperation to drop us an email at hello@setel.com. Our Support team has been notified of your issue and they will be expecting an email from you",2026-06-10 14:36:35,True,85,False,True,1,Google Play,English,Negative,General,199
fe9bf54a-cc0a-4981-87f6-e399d36ff0e1,Roonie Buret,good app,5,0,1.196.1,2026-05-08 22:19:08,,,False,8,True,False,1,Google Play,English,Positive,General,200
7f53cdbc-8dae-44bb-a44b-6787342671c4,Eric Macdowell Lu,Nice,5,0,1.199.0,2026-05-08 16:23:30,,,False,4,False,False,1,Google Play,English,Neutral,General,201
56ba7814-70a9-43a8-8529-69f963e074b2,Zaid Hashim,best app ever,5,0,1.199.0,2026-05-08 12:28:05,,,False,13,True,False,1,Google Play,English,Positive,General,202
c18f522c-f80d-4f42-9878-46e2f23b789e,Mohd Nazri Razak,"Mudah, pantas dan reliable...",5,0,1.198.0,2026-05-08 11:41:39,,,False,29,False,False,1,Google Play,English,Neutral,General,203
d910c9b4-07bd-4cbc-b7e3-7cfcc4f237fa,Mohd Radzi Yaakub,Its very convenient & easy as ABC.,5,1,1.199.0,2026-05-08 08:02:43,,,False,34,True,False,1,Google Play,English,Positive,General,204
5c64c2c5-734f-4dd8-8e17-51bb01f891e5,Wan azri Sabaruddin,Aplikasi petronas paling memudahkan,5,0,1.199.0,2026-05-07 11:08:00,,,False,35,False,False,1,Google Play,English,Neutral,General,205
51a9065d-48fb-402f-859b-679c8d86a37c,Zariq Zakaria,good,5,0,1.199.0,2026-05-06 20:47:12,,,False,4,True,False,1,Google Play,English,Positive,General,206
71f7a5f9-6838-4381-8102-4775d35f214a,norazizah abdullah,Easy,5,0,1.199.0,2026-05-06 09:22:03,,,False,4,True,False,1,Google Play,English,Positive,General,207
34e0cd65-bbfa-4a35-8560-884417426b19,Ahmad Shafiq,thorbaik senang kerja,5,0,1.199.0,2026-05-06 09:00:40,,,False,21,False,False,1,Google Play,English,Neutral,General,208
04808a7d-a07b-4078-a73b-54a8711e208b,AZ-Zakwanul Faiz bin Zakaria (AZZakwan),"a hassle registration. my mesra kad i made a long time ago was filled with someone else's phone number probably station i registered long time ago. cs kept asking screenshot this that & my email too 🤬. then another security bummer, after i already registered my selfie & ic came along another security verification of the same thing.",1,0,1.198.0,2026-04-30 16:02:16,"Thank you for your feedback. Our team would like to get in touch with you to discuss further. However, due to the app rating limitation, we do not have your details; hence, we would like to seek your kind cooperation to drop us an email at hello@setel.com. Our Support team has been notified of your issue and they will be expecting an email from you",2026-06-10 14:39:53,True,333,False,False,1,Google Play,English,Neutral,General,209
96389dde-042d-4a0e-9d8d-02b6b58b41ef,Jawa Jelita,good,5,0,1.198.0,2026-04-29 14:56:29,,,False,4,True,False,1,Google Play,English,Positive,General,210
a98f3f78-0155-4f9c-a711-734541f9535d,sabrina zahari,I'm having problems with location settings. it can't detect my location! no matter how many times i uninstalled it is still the same. aku nk isi minyak oi!!!,1,3,1.198.0,2026-04-28 09:08:46,"Thank you for your feedback. Our team would like to get in touch with you to discuss further. However, due to the app rating limitation, we do not have your details; hence, we would like to seek your kind cooperation to drop us an email at hello@setel.com. Our Support team has been notified of your issue and they will be expecting an email from you",2026-06-10 14:40:08,True,157,False,True,1,Google Play,English,Negative,General,211
ad20bafc-de09-4cb7-8ff7-002333d295c8,zahidmad LONGJON,ezy p z,5,0,1.198.0,2026-04-28 07:55:54,,,False,7,False,False,1,Google Play,English,Neutral,General,212
048d5baa-b573-49f3-a5e1-b7cbf29a2eb4,Fadhly Bakry,Aplikasi yang sangat memudahkan.. cuma perlu topup duit dalam aplikasi settle je.. kemudian pergi mana² stesen minyak petronas dia akan auto detect lokasi.. pilih nombor pam dan buat pembayaran.. tunggu sampai dia kata dah boleh angkat nozel baru kita boleh isi.. sangat membantu jika ramai orang beratur di kaunter pembayaran.. terima kasih settle,5,0,1.198.0,2026-04-28 06:47:40,,,False,348,False,False,1,Google Play,English,Neutral,General,213
c58142d3-128e-4b31-aa14-0e51ff7f1ee0,Muhd Hidayat77,easy use for fuel,5,0,1.198.0,2026-04-28 02:14:12,,,False,17,True,False,1,Google Play,English,Positive,General,214
b7908382-7964-4678-88c3-c51a4b7fa89f,Kie,cant sign-in,1,0,1.198.0,2026-04-27 09:26:39,"Thank you for your feedback. Our team would like to get in touch with you to discuss further. However, due to the app rating limitation, we do not have your details; hence, we would like to seek your kind cooperation to drop us an email at hello@setel.com. Our Support team has been notified of your issue and they will be expecting an email from you",2026-06-10 14:40:15,True,12,False,False,1,Google Play,English,Neutral,General,215
12acb80c-887c-4230-a4fa-0769df7a957d,ddss pchh,Rubbish apps ever,1,0,,2026-04-26 19:55:32,"Thank you for your feedback. Our team would like to get in touch with you to discuss further. However, due to the app rating limitation, we do not have your details; hence, we would like to seek your kind cooperation to drop us an email at hello@setel.com. Our Support team has been notified of your issue and they will be expecting an email from you",2026-06-10 14:40:26,True,17,False,False,1,Google Play,English,Neutral,General,216
4cb4ab16-54d3-4d89-84d6-138a4241ad06,azmeer ikhsuan,"dkt petronas seksyen 27 shah alam, tunggu lama nk isi minyak. sistem offline pulakkk",1,0,1.198.0,2026-04-24 22:38:53,"Thank you for your feedback. Our team would like to get in touch with you to discuss further. However, due to the app rating limitation, we do not have your details; hence, we would like to seek your kind cooperation to drop us an email at hello@setel.com. Our Support team has been notified of your issue and they will be expecting an email from you",2026-06-10 14:41:16,True,84,False,False,1,Google Play,English,Neutral,General,217
0eae18b4-2f7d-4af5-92da-e811ba464198,Nur Fazini,"mudah,senang dan lebih cepat..dan yg lebih menguntungkan dapat point 3x bile isi selalu guna setel..love setel💕",5,0,1.198.0,2026-04-23 19:51:28,,,False,111,True,False,1,Google Play,English,Positive,General,218
1f964b5f-1f98-417f-9fce-3062990db774,ssw,Petronas online voucher unable use to redeem petrol,1,0,1.116.0,2026-04-22 22:19:01,"Thank you for your feedback. Our team would like to get in touch with you to discuss further. However, due to the app rating limitation, we do not have your details; hence, we would like to seek your kind cooperation to drop us an email at hello@setel.com.",2026-04-24 16:28:52,True,51,False,False,1,Google Play,English,Neutral,General,219
8381d7e1-aa67-4f5b-bf30-341670df483d,amirul arif ab razak,"mudah, cepat, antara apps petrol pump terawal yg boleh buat mcm2",5,0,1.194.3,2026-04-22 01:21:54,,,False,64,False,False,1,Google Play,English,Neutral,General,220
da176c8d-6c94-41d8-8f9c-48e8e34cfea3,Man Totey Vlog,easy to use,5,0,1.198.0,2026-04-21 23:25:58,,,False,11,True,False,1,Google Play,English,Positive,General,221
203e47e2-69b5-4297-bdcc-25b08388d51e,Geoff Loh,Great,5,0,1.198.0,2026-04-21 10:33:37,,,False,5,True,False,1,Google Play,English,Positive,General,222
1a10dac6-425b-45f4-91d5-545aea2bf742,Chan Mau Wong,No need to scan IC. Good.,5,0,1.198.0,2026-04-21 09:17:00,,,False,25,True,False,1,Google Play,English,Positive,General,223
a68acb96-b7eb-47f4-8ba6-80dbf47a53dc,Khartina Khalid,easy & faster 👍🏽👍🏽👍🏽,5,0,1.198.0,2026-04-20 22:08:21,,,False,20,True,False,1,Google Play,English,Positive,General,224
ad69b7ec-c691-431e-aa18-27a91b896008,Mazuan Mahamad,"mudah, cepat, senang, recommended",5,0,1.198.0,2026-04-20 19:54:34,,,False,33,False,False,1,Google Play,English,Neutral,General,225
bd3fe9c0-58c4-4dd1-a771-52d8dec921cb,LG Yap,very convenient,5,0,1.198.0,2026-04-20 10:28:55,,,False,15,True,False,1,Google Play,English,Positive,General,226
ef20b3c4-4a5a-430f-a2d4-e3ee30377971,Shan,Very easy & convenient. Great app,5,1,1.198.0,2026-04-20 09:26:23,,,False,33,True,False,1,Google Play,English,Positive,General,227
d2f0b266-027f-4c64-b4ce-cf6c4442a39f,Fadzlina Isa,ok,5,0,1.198.0,2026-04-20 07:49:29,,,False,2,False,False,1,Google Play,English,Neutral,General,228
3c9a6e3f-a92e-412e-b444-5d364c0ff15c,Mr Helmi (hElMiEy),bole buat compatible dgn smartwatch wear os x,5,0,1.198.0,2026-04-19 23:16:26,,,False,45,False,False,1,Google Play,English,Neutral,General,229
0cf03109-8432-426b-8730-62cbb8d763fd,zyda azyan,using Setel makes my life ao mich easier. i don't need to go to the counter nor make any payments manually. just sogn up once and you are set to go. the info on this app is totally sufficient for consumption.,5,5,1.198.0,2026-04-19 22:01:00,,,False,208,False,False,1,Google Play,English,Neutral,General,230
fa923bd8-a27c-42c0-ab2f-9d27197d4303,Norsh Aps,sangat memuaskan hati. senang mudah. point reward pon best. tambahkan lagi cawangan stesen minyak di semua daerah dan kawasan,5,0,1.196.1,2026-04-19 21:45:32,,,False,125,True,False,1,Google Play,English,Positive,General,231
1c3cf262-896a-4202-9715-dcb4868e0efa,Memot Meow,the time saver,5,0,1.198.0,2026-04-19 21:16:41,,,False,14,False,False,1,Google Play,English,Neutral,General,232
05219d69-1338-438b-983d-623d6c4cbe94,Wan Azeli Wan Deris,good,5,0,1.194.1,2026-04-19 21:15:23,,,False,4,True,False,1,Google Play,English,Positive,General,233
df796587-87d7-4cb0-9a05-b3490d5a45d6,Vincent Tan,Using Setel will save time and easy to fueling.,5,1,1.196.0,2026-04-19 19:23:45,,,False,47,True,False,1,Google Play,English,Positive,General,234
fcc7869e-2b45-4bee-9f6a-7e446e1b5ba2,farhan zamli,tidak perlu ke kuanter untuk membuat pembayaran. mudah dan cepat,5,0,1.198.0,2026-04-19 18:11:21,,,False,64,False,False,1,Google Play,English,Neutral,General,235
bb334155-9546-4924-ad49-09790e7fdfc2,ZA Nitebug,"easy, convenient, and great for tracking usage",5,1,1.198.0,2026-04-19 13:10:53,,,False,46,True,False,1,Google Play,English,Positive,General,236
1afc8beb-e0ec-4d48-89f6-96eccd78f1a2,فيصل إدهم,"mudah,cepat & lebih mata ganjaran 😁",5,0,1.198.0,2026-04-19 09:25:59,,,False,35,False,False,1,Google Play,English,Neutral,General,237
74487ef8-8dd6-4060-8979-5a538cdb2518,Mazita Arsat,"easy to load, easy to use",5,0,1.183.5,2026-04-19 09:19:13,,,False,25,True,False,1,Google Play,English,Positive,General,238
e6cfd485-43c8-419c-b55b-fc9fd148558c,Kalaiselvi Balakrishnan,"so very convenient! thank you!! From, Ms Kalaiselvi.",5,0,1.198.0,2026-04-18 16:00:12,,,False,52,True,False,1,Google Play,English,Positive,General,239
fa2f88dd-aa5e-440b-9d5e-6112e72bb106,rambli jamali,Very good,5,0,1.198.0,2026-04-18 13:26:23,,,False,9,True,False,1,Google Play,English,Positive,General,240
ef1e476f-de8b-4f80-90bd-a9d5e3341d3f,2nd Phenomenal,"before budi95 is create every look easy to access, now even a simple QR transaction is going haywire/all over places. Bring back customer service hotline for those who hard to explaining in the AI chat. Can take example from Grab ewallet",3,0,,2026-04-18 13:07:13,"Thank you for your feedback. Our team would like to get in touch with you to discuss further. However, due to the app rating limitation, we do not have your details; hence, we would like to seek your kind cooperation to drop us an email at hello@setel.com.",2026-04-24 16:30:27,True,237,True,False,1,Google Play,English,Positive,General,241
724cbf40-1167-43ed-a315-f71e2ca5f1dd,Amran Bin mohd daud,memang menyenangkan semua dihujung jari...nak belanja minyak bila tumpang orang pun boleh...,5,0,1.198.0,2026-04-18 08:50:03,,,False,92,False,False,1,Google Play,English,Neutral,General,242
a5ce4ca6-6a98-4998-89bd-9f48e121e3e1,RAFEAH DOA,sangat mudah dan cepat,5,0,1.196.1,2026-04-18 08:33:09,,,False,22,False,False,1,Google Play,English,Neutral,General,243
229d5588-ba35-477b-8cb8-2fb8ae58a247,MR. EEZS,easiest way to get fuel..,5,0,1.198.0,2026-04-17 21:59:13,,,False,25,False,False,1,Google Play,English,Neutral,General,244
a1c456ed-86ca-4794-851a-4ac6057c3bf9,Ammar Hazim,Pantas n gets the job done 👍,5,0,1.198.0,2026-04-17 21:27:19,,,False,28,False,False,1,Google Play,English,Neutral,General,245
c7651bd5-6db3-4c6c-9e04-e0409bfe1469,Rahimi Jalaluddin,seemless,5,0,1.198.0,2026-04-17 09:56:26,,,False,8,False,False,1,Google Play,English,Neutral,General,246
de9371e3-80a5-4bc2-bdc5-1cd34d9bac47,Duck,"Easy,reliable and it also have litres in sale.",5,0,,2026-04-17 09:02:57,,,False,46,True,False,1,Google Play,English,Positive,General,247
1a2a0289-ab88-4914-9137-e862475c80b3,hades0606,there no parking for majlis bandaraya Kuantan Pahang wth... better use touch n go,1,0,,2026-04-16 10:27:03,"Thank you for your feedback. Our team would like to get in touch with you to discuss further. However, due to the app rating limitation, we do not have your details; hence, we would like to seek your kind cooperation to drop us an email at hello@setel.com.",2026-04-24 16:27:53,True,81,False,False,1,Google Play,English,Neutral,General,248
cf79cc35-f2ea-4b4b-916a-92782331d098,Ismail Adam,Easy,5,0,,2026-04-16 09:47:01,,,False,4,True,False,1,Google Play,English,Positive,General,249
108d29ba-d057-415c-b2b7-d300cd7dc2f7,Hisyam Noordin,"setel ni bahaya, kadang duit hilang. transfer berjaya tetapi duit hilang tah ke mana. email setel mintak bantuan tiada respons. dulu selalu guna apps ni senang, tapi bila dah terkena duit hilang sapa nak percaya. bukak page di FB ka apa, penuh dengan org buat tuntutan.",1,1,,2026-04-15 23:38:13,"Terima kasih atas maklum balas anda. Kami ingin memaklumkan bahawa isu tersebut telah berjaya diselesaikan.

Kami menghargai maklum balas anda. Jika anda mempunyai sebarang pertanyaan atau memerlukan bantuan, sila hubungi kami melalui e-mel atau live chat di aplikasi Setel.

Terima kasih kerana memilih Setel.",2026-04-24 16:44:28,True,269,False,False,1,Google Play,English,Neutral,General,250
bee98207-bd3c-4947-83e7-7d9509d4bd01,Thaufiqq_ 00,sangat memuaskan👍,5,0,1.196.1,2026-04-15 22:50:36,,,False,17,False,False,1,Google Play,English,Neutral,General,251
a58eb451-489a-45b7-91e1-b382e0f4f56c,Desven Sim,easy to use I so proud using app keep going well done,5,0,1.196.0,2026-04-15 18:34:57,,,False,53,True,False,1,Google Play,English,Positive,General,252
c5826624-6172-46e2-92a1-3500148afc42,Vic NPapaga,This app is good and easy to use..,5,0,1.198.0,2026-04-15 14:39:00,,,False,34,True,False,1,Google Play,English,Positive,General,253
80b1c869-8bb3-4ef3-812d-e5a809292109,Anonymous One,First time tested setel app as it's now come with credit card link & for now it's the most complete petrol app in Malaysia.... Good job Setel team...👍👍👍👍👍 ⭐⭐⭐⭐⭐ ..but I'm still stay with my old shell petrol app. It's meet my needs of simple & with credit card link ...😁,5,3,1.198.0,2026-04-15 13:55:50,,,False,269,True,False,1,Google Play,English,Positive,General,254
6d38bcee-d80e-4573-b439-a88007ba1ba4,bain kamarudin (bain),"easy to pay, faster and trusted",5,0,1.198.0,2026-04-15 08:54:45,,,False,31,True,False,1,Google Play,English,Positive,General,255
d7d8eb42-c864-4caa-889a-73b5337b9c8f,Michael Chua,👍,5,0,1.198.0,2026-04-14 19:00:15,,,False,1,False,False,1,Google Play,English,Neutral,General,256
b34e68a3-6261-40d5-8c21-1446935cdffc,Muhammad Aliuddin,"Setel je weyhh!!! Support local, support P !!!",5,0,1.198.0,2026-04-14 18:43:35,,,False,46,False,False,1,Google Play,English,Neutral,General,257
a8745c1c-ac95-4ede-b375-7051373ddaa4,asmaliahbaru Ismail,mudah senang cepat... tak perlu beratur,5,0,1.198.0,2026-04-14 17:09:01,,,False,39,False,False,1,Google Play,English,Neutral,General,258
cee986e6-6f87-4dac-b26c-6b68999ff12f,Os Hamid,Very straight forward and convenience,5,0,1.196.1,2026-04-14 08:14:46,,,False,37,False,False,1,Google Play,English,Neutral,General,259
23ce5509-8ea8-47ce-be81-c583065f7d21,Abdul Aziz,"sejak 2,3 hari ni apps x detect pump yg available..yg available pon x boleh payment..",2,1,1.198.0,2026-04-14 08:04:34,"Terima kasih atas maklum balas yang diberikan. Kami sedia membantu, namun, disebabkan oleh had penilaian aplikasi, kami tidak mempunyai butiran anda; oleh itu, kami ingin memohon kerjasama anda untuk menghantar emel kepada kami di hello@setel.com.",2026-04-24 16:31:07,True,85,False,False,1,Google Play,English,Neutral,General,260
5f41c2d5-cabb-4ff3-bdd7-86e1d341a901,Yusof Majid,Memudahkan,5,0,1.189.0,2026-04-13 19:07:21,,,False,10,False,False,1,Google Play,English,Neutral,General,261
c57ebe2e-20b6-4293-8a76-ff462f320b74,Haikal Hakim,good,5,0,1.196.1,2026-04-13 17:17:25,,,False,4,True,False,1,Google Play,English,Positive,General,262
b3988c2f-7f86-45f3-82d8-3b60dfd8476e,Perodua Alza,sangat mudah & menjimatkan masa,5,0,1.196.1,2026-04-13 15:26:07,,,False,31,False,False,1,Google Play,English,Neutral,General,263
1f0819bc-8f16-46dc-a027-0c1bfb9d680c,Aravinthan Pitchan,very easy to use.. love it... mudahkan kerja kita❤️,5,0,1.196.1,2026-04-13 11:02:49,,,False,51,True,False,1,Google Play,English,Positive,General,264
c8517d7a-2017-4b72-8403-fa592b6ecf94,Shadd Apekk,very easy & friendly,5,0,1.196.0,2026-04-13 09:23:12,,,False,20,True,False,1,Google Play,English,Positive,General,265
3c750773-9e6f-44a1-867d-95db63a63f49,Hamidah Myaacob,Cepat Dan pantas,5,0,1.196.1,2026-04-12 18:00:24,,,False,16,False,False,1,Google Play,English,Neutral,General,266
c9cf03db-df4f-4931-a1ff-1034bd73cf09,Zurin Akmal,better,5,0,1.196.1,2026-04-12 16:25:39,,,False,6,False,False,1,Google Play,English,Neutral,General,267
3319a881-36df-49c2-8ec1-6d0ad360e642,Azlan Mohamad,power cing cing,5,0,1.198.0,2026-04-12 14:16:33,,,False,15,False,False,1,Google Play,English,Neutral,General,268
47a52161-9979-446d-89a6-81fb17a19856,Naim Zidan,memudahkan pengguna.. rasa macam boss² je bila guna Setel.. padahal kuli je,5,0,1.196.1,2026-04-12 08:59:33,,,False,75,False,False,1,Google Play,English,Neutral,General,269
eced1b4f-3177-4c1e-86bf-3e17259f6a3b,Mohd Nazrie Matlin,"Memudahkan urusan,menjimatkan masa dan dapat gumpul mata ganjaran..tq Setel..",5,0,1.196.1,2026-04-12 03:19:15,,,False,77,False,False,1,Google Play,English,Neutral,General,270
4a79ff9d-f75b-4a9f-8800-bc63a8d88999,aboy fabregas,"Mudah dan senang, semua maklumat telah ada di dalam apps SETEL..pembelian minyak lagi mudah tanpa perlu keluarkan kad pengenalan. terbaik SETEL & PETRONAS.",5,0,1.198.0,2026-04-11 18:07:37,Thanks a lot for your rating and safe rides :),2022-06-11 14:22:04,True,155,False,False,1,Google Play,English,Neutral,General,271
21434924-e0c2-452c-b281-c210d5c4c60e,Isthanny 83,The best,5,0,1.183.4,2026-04-11 15:36:54,,,False,8,True,False,1,Google Play,English,Positive,General,272
43eaf766-919c-4ca8-a388-b36a80c92f25,norhafiz zakaria,memudahkan urusan di stesen minyak...,5,0,1.198.0,2026-04-11 00:07:26,,,False,37,False,False,1,Google Play,English,Neutral,General,273
79f8df6b-9de6-4e4c-b76a-55e8e59cff64,Hidayatul Sobri,convenient to use,4,1,1.196.1,2026-04-10 19:09:42,,,False,17,True,False,1,Google Play,English,Positive,General,274
28d4a1df-0094-4cf9-8923-adc2bbdf7d3e,Khairulneza,"Setel sangat memudahkan urusan isi minyak, cepat, mesra pengguna dan jimat masa tanpa perlu beratur d kaunter.",5,0,1.196.1,2026-04-10 18:58:30,,,False,110,False,False,1,Google Play,English,Neutral,General,275
c924a8cc-24ae-45fa-8f91-5ec1dc51d9d8,Vivien YanQi,Easy and fast. No need for the hassle to take out NRIC.,5,2,1.196.1,2026-04-10 11:36:47,,,False,55,True,False,1,Google Play,English,Positive,General,276
14215dd5-cc15-4643-bf5a-3bbde8962ccc,Ateq5013,mudah & cepat. nah begini👍👍👍,5,0,,2026-04-09 23:43:20,,,False,28,False,False,1,Google Play,English,Neutral,General,277
98347c99-ece4-4102-9a18-76692f81f7b6,Redzuan Rahmat,good,5,0,,2026-04-09 09:17:33,,,False,4,True,False,1,Google Play,English,Positive,General,278
5e8f3c38-489d-40e7-abbb-9dee28fc2236,Amir Hazmi Mohd Zuhri,baikkk ah,5,0,1.196.1,2026-04-09 07:48:13,,,False,9,False,False,1,Google Play,English,Neutral,General,279
f99a7ef0-dd51-47dd-b670-85dff98d5e98,Rohaizad Salleh,senang dan mudah,5,0,1.196.1,2026-04-09 06:47:24,,,False,16,False,False,1,Google Play,English,Neutral,General,280
723102a5-c0a5-4a94-8805-b6ae1234225e,ibrahimfc96,Terrrbaik. Sennag dan mudah. Takyah beratuq,5,0,1.196.1,2026-04-08 22:48:56,,,False,43,False,False,1,Google Play,English,Neutral,General,281
1826628b-1a8d-428e-bd16-266564bc1f05,Hemiazera Sharizan,very good,5,0,1.196.1,2026-04-08 19:29:49,,,False,9,True,False,1,Google Play,English,Positive,General,282
86527401-d20b-4008-8852-20bf07cf2d69,Mohd Marwan Maro Eum,Memudahkan urusan masa Jammed,5,0,1.196.1,2026-04-08 19:04:44,,,False,29,False,False,1,Google Play,English,Neutral,General,283
d9dac819-f252-45b3-aa42-7906220e3fab,habib hensem,okay,5,0,1.196.1,2026-04-08 18:37:14,,,False,4,False,False,1,Google Play,English,Neutral,General,284
1d51ca45-a0a6-41ad-b63d-e800444490d8,NORAZLINI BTE ALAUDIN NORAZLINI,tbaikkk sokong yg mlysia punya bntu negara lbih baik,5,0,1.196.1,2026-04-08 14:18:33,,,False,52,False,False,1,Google Play,English,Neutral,General,285
2c4bb90a-1a78-4d2d-880e-bdb50c004f72,Ryatie Rafizan,senang dan mudah... settle je,5,0,1.196.1,2026-04-08 13:46:29,,,False,29,False,False,1,Google Play,English,Neutral,General,286
536cc375-c2c7-4073-a870-6266b87085de,Bang E (OldPilot),very easy,5,0,1.196.1,2026-04-08 13:24:06,,,False,9,True,False,1,Google Play,English,Positive,General,287
7144cb0c-40e0-4f2d-8a18-c586c92f427a,fikri ayyub,lepas update qr problem,3,1,1.196.1,2026-04-08 10:21:34,"Terima kasih atas maklum balas yang diberikan. Kami sedia membantu, namun, disebabkan oleh had penilaian aplikasi, kami tidak mempunyai butiran anda; oleh itu, kami ingin memohon kerjasama anda untuk menghantar emel kepada kami di hello@setel.com.",2026-04-24 16:47:06,True,23,False,True,1,Google Play,English,Negative,General,288
37768e8f-a83f-4819-bb4c-39a783dc79c2,Luqman Hakim,nice,5,0,1.196.1,2026-04-08 00:27:49,,,False,4,False,False,1,Google Play,English,Neutral,General,289
724caa4e-0910-482f-be7d-6a11085fcac9,Kunta Kinte,Very convinient and hassle free,5,1,1.196.1,2026-04-07 22:18:31,,,False,31,False,False,1,Google Play,English,Neutral,General,290
ab7f9e09-4100-46bc-8d46-7d356436ae36,Childs The grey,Great apps 👍🏾,5,0,1.196.1,2026-04-07 11:03:29,,,False,13,True,False,1,Google Play,English,Positive,General,291
50b1aaa7-cf86-48b1-932e-836d49338989,skwlgk1,convenient,5,0,1.196.1,2026-04-06 20:18:38,,,False,10,True,False,1,Google Play,English,Positive,General,292
ef0b604a-9cdd-44d9-9f5a-759ca53f2f61,khairunnisa khamis,Sangat memudahkan. Tidak perlu jalan ke kaunter terutamanya yang ada anak kecil di kereta. Dan lebih mudah dari guna kad.,5,0,1.196.1,2026-04-06 17:37:51,,,False,121,False,False,1,Google Play,English,Neutral,General,293
b1ae4f29-d4bf-4761-b375-5b9c9bb4b757,Muhammad Farid Adam,good apps. easier your life,5,1,1.196.1,2026-04-06 13:45:47,,,False,27,True,False,1,Google Play,English,Positive,General,294
25133805-de1d-41e0-b2ca-e7e85107cb5e,GAN KIONG HO,"Easy and convenient, no nonsense and cumbersome second validation at counter!",5,1,,2026-04-06 11:42:21,,,False,77,True,False,1,Google Play,English,Positive,General,295
76794258-bf0a-468e-ba2d-a4f0da2e8f5e,Ezat Chai,musdahkan urusan,5,0,1.196.1,2026-04-06 09:05:56,,,False,16,False,False,1,Google Play,English,Neutral,General,296
0363de32-b10d-4ecd-8725-3c580bd47f36,Nor Athirah Azemi,mudah sangat nak select loc & bayaran,5,0,1.196.1,2026-04-06 08:48:58,,,False,37,False,False,1,Google Play,English,Neutral,General,297
4b04b791-20c4-4476-b176-0ac1e84b8973,uppa hot,Setel dah start bermasalah. Aku tunggu transaction topup asyik sangkut je. Poor maintenance!,1,0,,2026-04-05 15:54:52,"Terima kasih atas maklum balas yang diberikan. Kami sedia membantu, namun, disebabkan oleh had penilaian aplikasi, kami tidak mempunyai butiran anda; oleh itu, kami ingin memohon kerjasama anda untuk menghantar emel kepada kami di hello@setel.com.",2026-04-24 16:29:24,True,92,False,False,1,Google Play,English,Neutral,General,298
f1eb3113-c7ed-4fe6-8e8c-524a3b8a8d22,george seo,easy pump how many liters you like,5,1,1.196.1,2026-04-05 11:52:16,,,False,34,True,False,1,Google Play,English,Positive,General,299
07952915-7622-4390-9db0-bedc1b8ab3cb,Nordin Yunus,the best so far for BUDI95 feul,5,1,1.196.1,2026-04-04 23:50:42,,,False,31,True,False,1,Google Play,English,Positive,General,300
7820aec8-417a-4b86-a28a-c92097da1512,Mohd Hafiz Sagat,good,5,0,1.196.1,2026-04-04 22:29:45,,,False,4,True,False,1,Google Play,English,Positive,General,301
9e6b1125-b4a6-4142-b464-56dd497591ea,Dia Diana,Ia sangat menyenangkan keja sy.. Xperlu beratur panjang.. Terbaik Petronas..,5,0,1.196.1,2026-04-04 18:56:17,,,False,76,False,False,1,Google Play,English,Neutral,General,302
b8c91ee3-5f91-4a98-ad4c-90fcdf860f6e,seneng manti,good apps,5,0,1.196.1,2026-04-04 17:04:06,,,False,9,True,False,1,Google Play,English,Positive,General,303
bffe3cf4-4d26-4229-86ea-92cf9e4861b7,Faisal,good quality product,5,1,1.196.1,2026-04-03 21:42:10,,,False,20,True,False,1,Google Play,English,Positive,General,304
df543354-02ba-43c4-a819-3289d1974225,nur bunga,okay laa senang diguna,5,0,1.196.1,2026-04-03 18:38:34,,,False,22,False,False,1,Google Play,English,Neutral,General,305
794fabd8-37af-4d2e-98db-ae18218d4603,Gogu Lan,dah top up duit ..kat app ni..time emergency nak isi minyak..app x function pula.,1,1,1.196.1,2026-04-03 14:51:22,"Terima kasih atas maklum balas yang diberikan. Kami sedia membantu, namun, disebabkan oleh had penilaian aplikasi, kami tidak mempunyai butiran anda; oleh itu, kami ingin memohon kerjasama anda untuk menghantar emel kepada kami di hello@setel.com.",2026-04-24 16:28:12,True,81,False,False,1,Google Play,English,Neutral,General,306
c081cfce-daf0-4bb2-9007-75cb3bc6ac42,Rusniza Dun,"mudah senang dan cepat.Jimat masa.Tak perlu beratur , pergi ke kaunter untuk mengisi minyak.Terbaik",5,0,1.193.1,2026-04-03 08:12:51,,,False,99,False,False,1,Google Play,English,Neutral,General,307
486534aa-6098-4537-a3f3-10e7b371746e,Endy Baki,"1st time renew motor insurance and roadtax via the apps, bad experience, payment have been done, but no policy and no road tax. Even after download the etiqa apps no policy exist and my roadtax renewal failed but the payment already done via Setel. Setel got the money but I didn't get nothing. Still waiting for their team to follow up and update me.",1,2,1.196.1,2026-04-02 21:38:55,"Thank you for your feedback. We’re glad to inform you that the issue has been resolved.

We appreciate your input as it helps us improve our services. If you have any questions or need assistance, please contact us via email or live chat in the Setel app.

Thank you for choosing Setel.",2026-04-24 16:37:50,True,351,False,True,1,Google Play,English,Negative,General,308
6aacfbd0-1c22-46e9-a1fc-caeb9fa58679,AZMI RIZWAN,super suck can't even apply mybudi properly + petro station who didnt understand anything.....lucky only get the gift card if not will never use this apps ever again,1,1,,2026-04-02 13:47:22,"Thank you for your feedback. Our team would like to get in touch with you to discuss further. However, due to the app rating limitation, we do not have your details; hence, we would like to seek your kind cooperation to drop us an email at hello@setel.com.",2026-04-24 16:27:30,True,165,False,False,1,Google Play,English,Neutral,General,309
2e8f060b-04c8-470d-a96a-4f839c9f2a98,Mr Zack Lee,"easy bitsy app for fuel up gas at Petronas.. need users more careful, patient, manners, focus and don't so blur with pump number.. cancellation procedure a lil bit worse.. need wait for approval & refund.. before start back",4,1,1.196.1,2026-04-02 13:44:06,,,False,223,True,True,1,Google Play,English,Negative,General,310
7e36f46b-0a95-4e87-afea-14ac3687a1f9,Haziq Danial,Annoying app. Get rid of this. DO BETTER NEXT TIME PETRONAS. I AM IN RUSH AND WANT TO TOP-UP MY ACCOUNT SO I CAN PURCHASE FUEL. IT SAYS IT NEED A MINUTE TO PROCESS THE TRANSACTION. 10 WHOLE MINUTES HAVE GONE BY!! I CAN'T EVEN CANCEL THE TRANSACTION. WASTE IF MY TIME. USELESS PEOPLE,1,2,1.196.1,2026-04-02 13:29:21,"Thank you for your feedback. Our team would like to get in touch with you to discuss further. However, due to the app rating limitation, we do not have your details; hence, we would like to seek your kind cooperation to drop us an email at hello@setel.com.",2026-04-24 16:23:00,True,282,False,False,1,Google Play,English,Neutral,General,311
f18938f4-50d1-45b7-9852-a1c18fe68693,afiq radzi,convenient,5,0,1.196.1,2026-04-02 10:01:24,,,False,10,True,False,1,Google Play,English,Positive,General,312
71868fe4-14d1-4966-957e-a0f40e228197,Izwandie Razali,good,5,0,1.196.1,2026-04-02 06:59:56,,,False,4,True,False,1,Google Play,English,Positive,General,313
5f1726d7-de6b-4985-ab6b-87cf3c2d08f0,shark dragon,easy to use,5,1,1.196.1,2026-04-01 22:19:45,,,False,11,True,False,1,Google Play,English,Positive,General,314
04c6ebf1-476c-4ca7-aab1-f4f7a88adb31,Langit Cerah,"antara app paling bangang sya pernah cuba. saya baru install.. ""Link this phone as a trusted device now"".. dan mintak passcode.. saya tak pernah set apa²... tak boleh ke buat mudah sikit",1,0,1.196.1,2026-04-01 21:36:41,"Terima kasih atas maklum balas yang diberikan. Kami sedia membantu, namun, disebabkan oleh had penilaian aplikasi, kami tidak mempunyai butiran anda; oleh itu, kami ingin memohon kerjasama anda untuk menghantar emel kepada kami di hello@setel.com.",2026-04-24 16:28:10,True,186,False,False,1,Google Play,English,Neutral,General,315
843ee94f-0984-4cbd-b1e0-0ed2fb7bf87a,It's Me Ezam JCVD,Sangat² memudahkan. X perlu mo berbaris d kaunter sdh,5,0,1.196.1,2026-04-01 19:34:52,,,False,53,False,False,1,Google Play,English,Neutral,General,316
f00b5bd1-01a9-46e5-9b92-26cb2a8e9d02,fazli khalil,best,5,0,1.196.1,2026-04-01 19:18:33,,,False,4,True,False,1,Google Play,English,Positive,General,317
22a86bfe-af54-43bd-af83-b1eec6e72180,Pang Yee Yeong,stop changing app icon art every single update,1,1,1.196.1,2026-04-01 16:31:40,"Thank you for your feedback. Our team would like to get in touch with you to discuss further. However, due to the app rating limitation, we do not have your details; hence, we would like to seek your kind cooperation to drop us an email at hello@setel.com.",2026-04-24 16:27:00,True,46,False,False,1,Google Play,English,Neutral,General,318
20e5e312-6fa0-4094-9b5e-db59ee2305bb,Mohamad Fazli,terbaik,5,0,1.183.4,2026-04-01 15:29:00,,,False,7,False,False,1,Google Play,English,Neutral,General,319
abfebaff-5f0b-40d4-bff0-ea1c178226b5,Ryan Giak,So far steady sja,5,0,1.196.0,2026-04-01 14:02:02,,,False,17,False,False,1,Google Play,English,Neutral,General,320
cbbc92cd-fe68-400f-a289-db3da0640e40,N F,"i change my rate from 5 to 1. the payment nowadays always failed. as of today i tried to pay the parking fees 5times, failed and your service unable to process the payment. very dissapointed. kena saman lah kejap lagi. thanks setel for ur unsettling service.",1,4,1.196.1,2026-04-01 09:50:54,"Thank you for your feedback. Our team would like to get in touch with you to discuss further. However, due to the app rating limitation, we do not have your details; hence, we would like to seek your kind cooperation to drop us an email at hello@setel.com.",2026-04-24 16:23:10,True,258,False,True,1,Google Play,English,Negative,General,321
21747dbf-c8f2-4f20-83e0-14760e3e3358,Mama Nabila1,mudah,5,0,1.196.1,2026-04-01 09:40:17,,,False,5,False,False,1,Google Play,English,Neutral,General,322
a4ce426e-ec4b-429e-ac91-2d38b5a5d209,mohammad zahid,ok,5,0,1.196.1,2026-04-01 00:00:40,,,False,2,False,False,1,Google Play,English,Neutral,General,323
28ee68ad-95e0-4eab-ad28-5976b74739cd,asri abdullah,good,5,0,1.196.1,2026-03-31 23:29:59,,,False,4,True,False,1,Google Play,English,Positive,General,324
e5c8783c-75f5-49d4-90fc-758cd4f8e59a,Sham Md,Senang & cepat,5,0,1.196.1,2026-03-31 22:19:44,,,False,14,False,False,1,Google Play,English,Neutral,General,325
e344cc29-bf08-415d-8a0a-07be77292e17,Mohamad Zulfaqar,"Easy to use, promoting Cash less into Another level",5,2,1.196.1,2026-03-31 20:12:23,,,False,51,True,False,1,Google Play,English,Positive,General,326
633dd413-2980-43a0-88c9-713702f28788,faizal mat arifin,"Easy, rewarded, anything that you would like to know about Petronas :)",5,1,1.196.0,2026-03-31 19:22:49,,,False,70,True,False,1,Google Play,English,Positive,General,327
6153be07-9dfd-46fa-a86f-1d37b9a4424a,Fzul E,cannot top up,2,1,1.196.1,2026-03-31 18:51:42,"Thank you for your feedback. Our team would like to get in touch with you to discuss further. However, due to the app rating limitation, we do not have your details; hence, we would like to seek your kind cooperation to drop us an email at hello@setel.com.",2026-04-24 16:26:21,True,13,False,False,1,Google Play,English,Neutral,General,328
fd1a8754-dec8-4289-8d25-59098c8071eb,Jayne Jade,Easy to use,5,1,1.196.1,2026-03-31 17:35:50,,,False,11,True,False,1,Google Play,English,Positive,General,329
b81e9074-4da4-4465-ba99-2070bd5ec1c8,naufal 88,very convenient,5,0,1.196.1,2026-03-31 14:01:59,,,False,15,True,False,1,Google Play,English,Positive,General,330
0b428897-c2bd-48e6-8992-923d4d0c7581,Rozita Zainal Abidin,Sgt² mudah,5,0,1.196.1,2026-03-31 07:18:35,"Hai, terima kasih atas maklum balas anda. Kami sangat gembira mendengar bahawa anda menikmati aplikasi kami. Sila hantarkan emel kepada kami di hello@setel.my agar kami dapat menghubungi anda sekiranya anda memerlukan sebarang pertanyaan lain. Terima kasih sekali lagi dan semoga hari anda indah!",2022-08-30 23:57:19,True,10,False,False,1,Google Play,English,Neutral,General,331
0df411cb-53b7-4e18-ac8a-90226fe3aace,Lee Axon,easy to use and collect point,5,1,1.196.1,2026-03-31 05:43:51,,,False,29,True,False,1,Google Play,English,Positive,General,332
06ca5388-98c2-4c2b-9b66-e40abbd06597,Lumaskyice Farhan,sgt function,5,0,1.196.0,2026-03-30 21:53:08,,,False,12,False,False,1,Google Play,English,Neutral,General,333
e0eacc57-b051-480e-87ef-fee3b0ef74e5,Tan Pekcheng,Staff were very friendly and helpful. This has make Setel a user friendly tool for seniors citizens.....,5,2,1.196.0,2026-03-30 15:45:01,,,False,104,False,False,1,Google Play,English,Neutral,General,334
ae5ba840-0e15-4580-bbea-e02eba534ace,Mohd Morris Raden Borris,Mudah dan senang untuk isi minyak petrol,5,0,1.196.1,2026-03-30 13:51:13,,,False,40,False,False,1,Google Play,English,Neutral,General,335
630b0601-1b5b-4282-ba35-c2d2e3ec5537,Kah Chiun,More updates: Application charges 1% for credit card for convenience fee. Must be a joke. This is why I use Shell and Caltex because they don't charge me anything. Using card should not have incur charges to the users. If you annualize this 1% it's basically 12% per annum.,1,1,1.183.4,2026-03-30 11:37:17,"Hi, Kah Chiun. We truly apologize for this inconvenience caused. Please send us your account details along with the screenshot of the problem to hello@setel.my so that we can help you. We truly appreciate your feedback! Thank you for using our app.",2020-09-18 21:55:08,True,273,False,False,1,Google Play,English,Neutral,General,336
003dd0ca-677a-42ed-ae01-fa9dbdf3ed43,Syam Hussain,Sangat memudahkan,5,0,1.196.1,2026-03-30 10:55:03,,,False,17,False,False,1,Google Play,English,Neutral,General,337
acfa0b19-fade-4ddf-acee-d8768b7743ec,AKU,Easy,5,0,1.196.0,2026-03-29 23:33:42,,,False,4,True,False,1,Google Play,English,Positive,General,338
a4309a0c-d3f5-4089-9eff-43c390c1f2ef,Catherin Yansau Ansu,sangat senang dan laju,5,0,1.196.1,2026-03-29 17:44:58,,,False,22,False,False,1,Google Play,English,Neutral,General,339
d70cb79a-79bc-425d-b4a0-b151322cbf84,Ahmad Fitri,Ease your life when refueling,5,0,1.196.1,2026-03-29 10:36:00,,,False,29,False,False,1,Google Play,English,Neutral,General,340
f9ec958d-be9d-4242-bcce-29a4030d3b23,Aiman Rizal,really easy to use and user friendly,5,1,1.196.1,2026-03-28 22:20:53,,,False,36,True,False,1,Google Play,English,Positive,General,341
78f719a2-036a-4aec-86ee-8c6a4eeb685e,Syahmi Hakimi,very user convenient and user friendly,5,1,1.196.1,2026-03-28 19:48:42,,,False,38,True,False,1,Google Play,English,Positive,General,342
eba2890d-178d-491a-9c3b-12301c76367b,Hisam Sharif,good apps,5,0,1.196.1,2026-03-28 15:05:56,,,False,9,True,False,1,Google Play,English,Positive,General,343
5b139895-70bc-4a42-82da-e94dfef8fd4c,Salimin Zin,Very easy and fast. No need to buy at counter at all.,5,2,,2026-03-28 12:05:55,,,False,53,True,False,1,Google Play,English,Positive,General,344
d2d9bff2-6eec-4f15-81f8-575ad8b6a28d,Kiko Milo,mantap kuda,5,0,1.196.1,2026-03-28 11:58:52,,,False,11,False,False,1,Google Play,English,Neutral,General,345
43cc1acb-42d3-441e-8c53-edfaad920dfa,muhammad abidin,still got limit rm200 even have verified my phone android 16,5,0,1.196.1,2026-03-28 11:21:39,,,False,60,False,False,1,Google Play,English,Neutral,General,346
93ef66bb-0cb8-4845-91e3-abbc56c5b890,fauzai liza,"Mudah dan senang. Terbaik.. cuma skrg ni, kalau offline. Nak beli topup Setel.. akan jadi susah. Ye la . Kita old school. Jadi tuang minyak dan minta resit. Resit pula dah x boleh send mcm mula² setel ini wujud. Pihak berkenaan.. mudah²kan la perkara tsb. Tidak semua org berduit yg boleh topup secara automatik direct dari debit/kredit..",5,0,1.196.0,2026-03-27 11:08:53,"Hi, thanks for your support and the 5-star rating. Hope you continue to enjoy using Setel. If you have any feedback or suggestions, please write to us at hello@setel.my. We would love to hear from you!",2021-12-21 15:11:43,True,338,False,False,1,Google Play,English,Neutral,General,347
d7e4c41b-b641-4cb1-a1a8-a39049c756d1,Nair Sukumaran,Simple & fast,5,1,1.196.0,2026-03-27 11:06:47,,,False,13,True,False,1,Google Play,English,Positive,General,348
d845a7f7-7d3c-4c94-80a3-9360c15f2cfa,Geejay Lani,"This apps is very simple,easy & i really like it..no more que,just park the car and fill fuel..thank you #Setel..keep up",5,3,1.196.0,2026-03-26 14:05:01,"Hi, thanks for your support and the 5-star rating. Hope you continue to enjoy using Setel. If you have any feedback or suggestions, please write to us at hello@setel.my. We would love to hear from you!",2021-12-10 15:47:09,True,120,True,False,1,Google Play,English,Positive,General,349
8bcd096c-54f9-4752-a5a1-08957b228823,R AG R ALI,Senang,5,0,1.196.1,2026-03-26 12:02:58,,,False,6,False,False,1,Google Play,English,Neutral,General,350
d82a1d7b-aa7b-48ef-b5b2-fab4ee73a56b,MAT HUSSIN MOHD ZAMRI,mudah dan pantas,5,0,1.193.1,2026-03-26 07:36:02,,,False,16,False,False,1,Google Play,English,Neutral,General,351
cd17979c-cb8f-460d-a952-77229724844b,mohamad shukri,Good,5,0,1.196.1,2026-03-26 07:06:14,,,False,4,True,False,1,Google Play,English,Positive,General,352
e2a91123-2156-407b-8200-a8b85542ef6d,Uthaya Kumar,good,5,0,,2026-03-26 01:22:30,,,False,4,True,False,1,Google Play,English,Positive,General,353
4817dedb-b628-4d7d-adf0-728e5a6ea0e8,Ahmad Khairunee,Mesti ada duit dalam Bank,5,0,1.196.0,2026-03-25 18:47:41,,,False,25,False,False,1,Google Play,English,Neutral,General,354
dbff866e-eed5-41ad-b55a-c16d1296f4ff,Charlie Lee,friendly,5,0,1.196.1,2026-03-25 12:32:51,,,False,8,False,False,1,Google Play,English,Neutral,General,355
97c846f1-28d8-49c8-b7d7-739577cc40a7,CHIN YUEN SEN,good service 👍,5,0,1.196.0,2026-03-25 11:36:32,,,False,14,True,False,1,Google Play,English,Positive,General,356
e5549de1-7726-4aaa-890a-859fbc6727b7,Shanker Vasudevan,World Best Service,5,1,1.196.0,2026-03-25 10:21:48,,,False,18,True,False,1,Google Play,English,Positive,General,357
ee09a56e-e0d2-4c0e-a30c-2b9d2293f7fd,Chee Meng,"Too many update, release app without proper testing.",2,31,1.196.0,2026-03-25 10:18:54,"Thank you for your feedback. Our team would like to get in touch with you to discuss further. However, due to the app rating limitation, we do not have your details; hence, we would like to seek your kind cooperation to drop us an email at hello@setel.com.",2026-04-24 16:26:08,True,52,False,False,1,Google Play,English,Neutral,General,358
ae516dcd-401a-4dcc-84ec-fc4734adc82a,Raj Tboy,nice to see,5,0,1.196.1,2026-03-25 00:38:22,,,False,11,False,False,1,Google Play,English,Neutral,General,359
af67fda8-695c-4d02-8c79-642e7c66b9a0,lina mas,memudahkan urusan,5,0,1.196.0,2026-03-24 23:54:23,,,False,17,False,False,1,Google Play,English,Neutral,General,360
5a25f908-97b8-407a-a058-0311e9335605,Muhammad Hakim,"easy to use, amazing",5,1,1.196.0,2026-03-24 22:56:24,,,False,20,True,False,1,Google Play,English,Positive,General,361
551cfd58-ff91-4a1c-a011-48df39a2bff8,Shamsul Mohamad,terbaik,5,0,1.196.0,2026-03-24 22:17:00,,,False,7,False,False,1,Google Play,English,Neutral,General,362
3a813bab-a613-4aef-838f-99557ea1da6e,Mohd Iwan,very easy to by fuel and kedai mesra.. Recommend to fmly to use apps setel..,5,3,1.196.0,2026-03-24 22:08:45,,,False,76,True,False,1,Google Play,English,Positive,General,363
a7ee58f3-ba4d-4f23-aa05-9ec023c6dcbc,Prncezack 17,good product and service,5,1,1.196.0,2026-03-24 17:17:03,,,False,24,True,False,1,Google Play,English,Positive,General,364
e920ba4b-969a-4656-a0de-46d8a404570c,Faisol Shafie,The best app for fuel purchase,5,1,1.196.0,2026-03-24 12:15:39,,,False,30,True,False,1,Google Play,English,Positive,General,365
e003cfbe-1c7a-4a8c-a578-25360f4b5093,Lai Sook Chien,"good, 👍👍👍",5,0,,2026-03-24 07:21:15,,,False,9,True,False,1,Google Play,English,Positive,General,366
e27ccee7-eddf-4760-92b9-0ef1698ad03d,Aidil Azhar,Best app,5,0,1.196.0,2026-03-23 13:17:38,,,False,8,True,False,1,Google Play,English,Positive,General,367
c0dccabb-2f6d-4644-a198-aee7eb213026,David Yap,Its so convenient and easy to use.. 🤙🏼,5,1,1.196.0,2026-03-22 22:27:47,,,False,38,True,False,1,Google Play,English,Positive,General,368
c612d5ea-5d72-4c4e-8085-94d68e54a18c,Cr.,Very useful.,5,0,1.196.0,2026-03-22 19:04:45,,,False,12,False,False,1,Google Play,English,Neutral,General,369
ccaf7fc5-bda8-4af0-bae2-0e7773bdcca9,Ben Ooi,Setel is quick and easy to use.,5,2,1.196.0,2026-03-22 16:39:01,,,False,31,True,False,1,Google Play,English,Positive,General,370
c048cc88-b50f-477c-98af-0f09b5dda356,Marobbuka MARO,Nice,5,0,,2026-03-22 13:29:39,,,False,4,False,False,1,Google Play,English,Neutral,General,371
3f66a944-31ba-4a5f-80af-f458cba410a3,Nur Fatehah,"easy to use, faster payment. all good 👍🏻.",5,1,1.196.0,2026-03-21 20:40:14,,,False,41,True,False,1,Google Play,English,Positive,General,372
4da5e38f-19c8-4eaf-9127-d812e1422a26,HangYew Ling,good apps,5,0,1.196.0,2026-03-21 13:55:40,,,False,9,True,False,1,Google Play,English,Positive,General,373
9d4e5a7a-56af-4d61-83ca-aafd798077d3,Sulaiman Mohd Noor,"Quick, without fuss",5,1,1.196.0,2026-03-21 10:03:30,,,False,19,False,False,1,Google Play,English,Neutral,General,374
76b861da-0fa4-4f98-bb01-3e04cc90792a,Shah Ril,Mudah dan tak perlu beratur,5,0,1.196.0,2026-03-20 08:44:08,,,False,27,False,False,1,Google Play,English,Neutral,General,375
699f4f05-2c73-4b59-9cda-6912c0633500,Nahrowi TXR,saya dah pakai system ini sejak diperkenalkan lebih dari 5 tahun lagi,5,0,1.196.0,2026-03-20 06:49:57,,,False,69,False,False,1,Google Play,English,Neutral,General,376
7b76b08d-6f9e-430c-8780-aa231b2c42ca,Aim Target,easy,5,0,,2026-03-19 20:23:02,,,False,4,True,False,1,Google Play,English,Positive,General,377
30bf870f-dd16-4708-8fe6-33ae6c786383,Rapini Salim,Aplikasi yang mudah.. Dah memudahkan..,5,0,1.196.0,2026-03-19 18:11:26,,,False,38,False,False,1,Google Play,English,Neutral,General,378
5a1dad3f-bbcd-4532-a2c4-1029a2326afc,WAT JUAN,"App keeps log out on its own. Have to re login every 30 second. Tried to reinstall many times, but the result was still the same.",1,2,1.196.0,2026-03-19 13:40:59,"Thank you for your feedback. Our team would like to get in touch with you to discuss further. However, due to the app rating limitation, we do not have your details; hence, we would like to seek your kind cooperation to drop us an email at hello@setel.com.",2026-04-24 16:23:17,True,129,False,False,1,Google Play,English,Neutral,General,379
da9948cb-2cef-4b62-8734-522b44ada8b6,Mr Nazar,apps yg BAIK mempermudahkan urusan saya n kamu,5,0,,2026-03-19 10:30:05,,,False,46,False,False,1,Google Play,English,Neutral,General,380
0edd4f4b-f880-40f4-91e6-50466d73e321,Shamsul Rizal,terbaikkkkk,5,0,1.196.0,2026-03-19 09:02:46,,,False,11,False,False,1,Google Play,English,Neutral,General,381
3ade6571-88a0-4f5d-a337-c119a1d89bbd,sulhi mohd,"easy, no need to use credit card or cash money. love it!",5,2,1.196.0,2026-03-19 06:03:56,,,False,56,True,False,1,Google Play,English,Positive,General,382
3bf0e13c-7ecd-43b7-8419-a7371d9574c8,ONG BOON LENG,👍,5,0,,2026-03-18 22:48:29,,,False,1,False,False,1,Google Play,English,Neutral,General,383
f9beb954-2167-4bba-b683-be2af7e9bbcd,Idwa Idwa,setel is good,5,0,1.196.0,2026-03-18 19:33:27,,,False,13,True,False,1,Google Play,English,Positive,General,384
d02127a2-1eff-4836-a70d-8de4a21a9361,msejati 57,Best guna,5,0,1.194.3,2026-03-18 12:34:17,,,False,9,True,False,1,Google Play,English,Positive,General,385
f8d013d8-e136-4189-9ebf-13ef9af4f083,p_ dausalma,terbaik padu laju mantap,5,0,1.196.0,2026-03-17 22:04:03,,,False,24,False,False,1,Google Play,English,Neutral,General,386
e112ac61-1a24-42c7-bc6a-586ca03118bb,Fairus Azizie,sempoi,5,0,1.196.0,2026-03-17 21:35:39,,,False,6,False,False,1,Google Play,English,Neutral,General,387
7ba2f38b-ac58-4c74-8fd6-544cf2e110d0,Layap1004 Peter,easy to setle,5,1,1.194.3,2026-03-17 17:23:37,,,False,13,True,False,1,Google Play,English,Positive,General,388
345ec255-8b43-4c67-978c-e9a31b772ff4,Hasnan Rambli,vgood,5,0,1.196.0,2026-03-17 07:49:07,,,False,5,True,False,1,Google Play,English,Positive,General,389
fd41f6b5-5e75-487b-9771-a52fd2d20457,Hanipah Shahar,"Mudah, cepat dan jimat masa",5,0,1.194.3,2026-03-16 14:17:58,,,False,27,False,False,1,Google Play,English,Neutral,General,390
d1504681-57c8-4979-91a7-b66eb1c5a88a,siput sedut,apps yang paling berguna..,5,0,1.194.3,2026-03-16 07:28:50,,,False,26,False,False,1,Google Play,English,Neutral,General,391
f9cae334-dd92-4def-b9a7-6c3df31f55c4,junaidi hassan,Easy,5,0,1.196.0,2026-03-15 21:08:13,,,False,4,True,False,1,Google Play,English,Positive,General,392
bad755a5-02ff-41d9-899d-e6f3973654a5,zham wru,"renew insurans..dh bayar,diaorg pn dh terima pastu renew failed..dia bgtau nk refund tp dari 23/02/2026 sampai sekarang 15/03/2026 tak dapat refund tu..menyusahkan",1,0,1.194.3,2026-03-15 18:08:19,"Terima kasih atas maklum balas yang diberikan. Kami sedia membantu, namun, disebabkan oleh had penilaian aplikasi, kami tidak mempunyai butiran anda; oleh itu, kami ingin memohon kerjasama anda untuk menghantar emel kepada kami di hello@setel.com.",2026-04-24 16:25:34,True,163,False,True,1,Google Play,English,Negative,General,393
7de76150-933f-4e28-8da4-9bb7d34e04f5,SirHenry,Very useful,5,0,1.196.0,2026-03-14 22:08:13,,,False,11,False,False,1,Google Play,English,Neutral,General,394
bcfc2f84-20d5-4dd5-9df6-9315962052ea,David Cheong,Very convenient. I love it. Just as convenient as TnG.,5,1,1.196.0,2026-03-14 15:53:33,,,False,54,True,False,1,Google Play,English,Positive,General,395
1fb186f1-de26-431f-914b-bb0649420f66,izz jo,fun to use 😘,5,1,1.196.0,2026-03-14 09:10:07,,,False,12,False,False,1,Google Play,English,Neutral,General,396
1ceaa5da-433b-43d9-9c27-1991b0824c72,Mohd Zaime Kamis,Easy to use,5,1,1.194.3,2026-03-14 07:48:02,,,False,11,True,False,1,Google Play,English,Positive,General,397
04474ea7-1b28-4fe5-98a1-e6ef9b595c20,Kamilah ABDUL RASHID,"Memudahkan pembelian, menjimatkan masa, tak perlu beratur dikaunter dan mata ganjaran juga berganda.",5,0,1.196.0,2026-03-13 13:10:10,,,False,100,False,False,1,Google Play,English,Neutral,General,398
02add5df-2c03-4e71-8a97-fc0daca07677,KRP PROPERTIES,Malaysia boleh,5,0,1.194.3,2026-03-13 10:37:25,,,False,14,False,False,1,Google Play,English,Neutral,General,399
d04c2816-f7f3-4c1a-aadb-9c7832c6444b,Adam Rykarl04,easy to fuel pump...no need go to counter...malay cakap malas aku nak jalan ke counter...,5,0,1.194.3,2026-03-13 08:46:41,,,False,89,True,False,1,Google Play,English,Positive,General,400
24d2f73d-8f91-4bb7-9db5-41111cb3d6a4,azalea,very fast and easy when refueling my car,5,1,1.194.3,2026-03-13 07:20:56,,,False,40,True,False,1,Google Play,English,Positive,General,401
a4a4e82a-b55a-4322-b04e-953a47a6559b,Mohamad Solahudin,best,5,0,1.194.3,2026-03-13 07:03:42,,,False,4,True,False,1,Google Play,English,Positive,General,402
a59bc4cf-e15e-47f9-80b5-b84113df4bad,Throne Reality,Very easy and fast.,5,1,1.196.0,2026-03-13 04:24:46,,,False,19,True,False,1,Google Play,English,Positive,General,403
63bd2061-127b-42fc-b468-23ea042b0221,arif azraei,Cooling period applied everytime i need to log in and it logs me out automatically every now and then. inconvenient,2,2,1.194.3,2026-03-12 16:27:06,"Thank you for your feedback. Our team would like to get in touch with you to discuss further. However, due to the app rating limitation, we do not have your details; hence, we would like to seek your kind cooperation to drop us an email at hello@setel.com.",2026-04-24 16:25:54,True,115,True,False,1,Google Play,English,Positive,General,404
15ab64c7-a7be-4a99-a0e3-a920e3759de9,Radzi Rc,bagus tak perlu pergi ke kaunter utk bt pembayaran,5,0,1.194.3,2026-03-12 15:44:30,,,False,50,False,False,1,Google Play,English,Neutral,General,405
0ef62d70-e890-4f2a-856d-d37c47377a02,arfirza sayidatul abdul rahman,easy and reliable👍👍,5,1,1.194.3,2026-03-12 09:58:22,,,False,19,True,False,1,Google Play,English,Positive,General,406
9884dbaf-a2ed-4190-ba96-c9b1cb557e01,Hakim Kim,Terbaik sekali,5,0,1.194.3,2026-03-11 23:15:56,,,False,14,False,False,1,Google Play,English,Neutral,General,407
01873438-ea1c-4b4b-b4a9-bc0697628e00,Syarifah Nadzirah,memudahkan urusan saya,5,0,1.190.0,2026-03-11 21:15:30,,,False,22,False,False,1,Google Play,English,Neutral,General,408
416ea1d5-0d39-46ac-9757-3e169a06f421,hijjas1,Terbaik Sangat SETEL,5,0,1.194.3,2026-03-11 21:14:37,"Terima kasih kerana memilih Setel.
Kami menghargai maklum balas anda dan akan menggunakannya untuk meningkatkan perkhidmatan kami pada masa akan datang. Jika anda mempunyai sebarang cadangan, sila hantar kepada kami di hello@setel.com. Sokongan anda amat kami hargai.",2024-07-03 19:28:52,True,20,False,False,1,Google Play,English,Neutral,General,409
21c1ec08-061a-4245-92c1-a6235a5bd651,Dora Yusuf,Make my life easier. No need to long queue.,5,1,1.194.3,2026-03-11 21:02:19,,,False,43,False,False,1,Google Play,English,Neutral,General,410
c0ad94c0-9e18-40ab-9179-91c4dbdd9ae2,Mizi Farah,great apps,5,0,1.194.3,2026-03-11 19:40:01,,,False,10,True,False,1,Google Play,English,Positive,General,411
48b859fd-4ec8-449f-b238-0dcac7b418d7,Thavarajah Tharmarajah,Brilliant transaction,5,0,1.194.3,2026-03-11 19:30:29,,,False,21,False,False,1,Google Play,English,Neutral,General,412
9183c7bb-092c-4021-9760-a4e5c7d76f2b,Zhan Xiang How,Nice,5,0,1.194.3,2026-03-11 13:38:06,,,False,4,False,False,1,Google Play,English,Neutral,General,413
0dfc5b6e-3342-4a84-b4fc-d6936e49b706,MD CR,"Make easy for transaction and refueling, make more cash back vouchers and promotions.",5,2,1.194.3,2026-03-11 10:42:50,,,False,85,True,False,1,Google Play,English,Positive,General,414
dcda9ba3-423e-4b71-8c34-aec5e416b468,panas hati,mudahkan urusan pembelian minyak petrol di PETRONAS,5,0,1.194.2,2026-03-10 17:47:09,,,False,51,False,False,1,Google Play,English,Neutral,General,415
88544353-487b-4e58-a4ad-90e723fdb132,Khairul Anwarr,"so far so good, not bad..👍",4,1,1.194.3,2026-03-10 14:16:15,,,False,26,True,True,1,Google Play,English,Negative,General,416
01538f27-03e5-4910-8a1f-6d55ec758482,Pazlan Pasuzi,"Menjimatkan masa, tenaga dan wang ringgit anda. Mudah, cepat dan canggih.",5,0,1.194.3,2026-03-10 13:28:35,,,False,73,False,False,1,Google Play,English,Neutral,General,417
b12cb089-05e7-4477-9857-a047c69437e4,Aaron Fong (韩晓伦),need to upgrade New systems in the Apps. can promote the interesting marketing for future purposes. also can get new customer using this Apps to be stronger.thank you!,5,1,1.194.3,2026-03-10 12:53:14,,,False,167,False,False,1,Google Play,English,Neutral,General,418
3794a195-d577-4a06-9447-0087685db70f,Cel Ver,baik,5,0,,2026-03-09 18:31:35,,,False,4,False,False,1,Google Play,English,Neutral,General,419
0525f375-5d89-4ce9-bc5a-22b7ea810e79,Fathin Alliza Jamal,easyyyy,5,0,1.194.3,2026-03-09 10:17:21,,,False,7,True,False,1,Google Play,English,Positive,General,420
2c29d5d1-07d4-4b3f-a9f6-6465d8311959,Arifin Nor,program terbaik dari Petronas. tak perlu berbaris di counter. dapat point lagi. terima kasih,5,0,1.194.3,2026-03-09 09:01:45,,,False,92,False,False,1,Google Play,English,Neutral,General,421
d2ca01d0-831f-4ba0-ab7d-4e59a15f27e0,Nilson Jay,"aplikasi ini bodoh,ketika kamu gagal.membuat pembayaran walaupun hanya kerana line tidak kuat,sekali gagal ianya akan menunggu masa yang lamak sekali untuk mengisi semula,di situlah masalah yan terutama,terpaksa saya bayar pakai cash dan ic selalu!!!",1,0,1.194.3,2026-03-08 19:00:27,"Thank you for your feedback. Our team would like to get in touch with you to discuss further. However, due to the app rating limitation, we do not have your details; hence, we would like to seek your kind cooperation to drop us an email at hello@setel.com.",2026-03-12 14:18:33,True,250,False,False,1,Google Play,English,Neutral,General,422
c365d49d-1efe-4570-b03f-fc69af6ca1f6,Rizal Nordin,good apps easy to use,5,1,1.194.3,2026-03-08 17:38:58,,,False,21,True,False,1,Google Play,English,Positive,General,423
971b5327-76eb-4a90-8fb2-162c8fa3e281,Mariyana Firman,Superb experience ....really awesome,5,1,1.194.3,2026-03-08 17:12:52,,,False,36,False,False,1,Google Play,English,Neutral,General,424
461b254c-b6a2-4d48-b1b4-faa2405de12f,Burung Hantu Studio,mudah,5,0,1.194.3,2026-03-08 15:21:08,,,False,5,False,False,1,Google Play,English,Neutral,General,425
2bb63bfb-27e6-420b-bd14-d99aac1fda30,Arzat txz,"tiada fungsi qr untuk topup dan tf, leceh mau topup...",1,0,1.186.0,2026-03-08 12:46:00,"Thank you for your feedback. Our team would like to get in touch with you to discuss further. However, due to the app rating limitation, we do not have your details; hence, we would like to seek your kind cooperation to drop us an email at hello@setel.com.",2026-03-12 14:18:14,True,54,False,False,1,Google Play,English,Neutral,General,426
3f217dd0-66cf-4200-a8f4-cb0965ab2474,Mohd Hisam Ismail,good tapi app caltex lagi bagu bagi bonus n mudah.,5,0,1.194.3,2026-03-08 11:54:19,,,False,50,True,False,1,Google Play,English,Positive,General,427
488e9d5c-56e2-4211-b7bb-2d3ca2670e50,Bryan Jerome,Convenient,5,0,1.194.3,2026-03-08 06:28:21,,,False,10,True,False,1,Google Play,English,Positive,General,428
c9158893-ce07-49aa-8340-abced949cab6,Anuar Muhamad Nor,Super convenient,5,0,1.194.3,2026-03-08 00:09:32,,,False,16,True,False,1,Google Play,English,Positive,General,429
989676bb-934e-4516-bf04-4db37e528ce2,Jeekfer,useful,5,0,,2026-03-07 16:45:49,,,False,6,False,False,1,Google Play,English,Neutral,General,430
3638b390-eafd-4d08-ae5b-1109f467dea9,Liyana Sadli,sangat memudahkan urusan,5,0,1.194.3,2026-03-07 14:26:28,,,False,24,False,False,1,Google Play,English,Neutral,General,431
6fb2b5e1-f6cb-4be7-abd6-5ad1648dcd44,Amin Yamin,kerajaan madani The best,5,0,1.193.1,2026-03-07 04:58:57,,,False,24,True,False,1,Google Play,English,Positive,General,432
22ea6106-eb8d-48ae-a91a-86d575f60a8a,mohd faisal bin rahim Rahim,easy to fill up fuel..no need to pay at counter smooth features,4,3,1.194.3,2026-03-06 23:18:23,,,False,63,True,False,1,Google Play,English,Positive,General,433
125e1d80-f446-4431-b987-56f338255e55,Liang Yp,fast and easy to use,5,1,1.194.3,2026-03-06 15:52:24,,,False,20,True,False,1,Google Play,English,Positive,General,434
5f4b5e5a-77af-4c0a-9183-c8dc0ea78b30,zamalul 9092,pembayar menjadi mudah.. dan senang.. dan bnyak bnyak bonos,5,0,1.194.3,2026-03-06 14:39:53,,,False,59,False,False,1,Google Play,English,Neutral,General,435
3f3afac2-2823-426d-b850-4a107101fb31,firdhaus daus,bagus,5,0,1.193.1,2026-03-06 10:27:18,,,False,5,False,False,1,Google Play,English,Neutral,General,436
1ae5dd41-8ec1-4da7-902b-294dadeaecca,Sandra Henry,fast and efficient!,5,2,1.194.1,2026-03-06 09:48:51,,,False,19,True,False,1,Google Play,English,Positive,General,437
944cf0b3-3f66-476d-9cc0-238bca87f59e,khairul aswhat tajul amar,aps paling terbaik untuk syarikat minyak kt malaysia,5,0,1.194.3,2026-03-06 07:39:52,,,False,52,False,False,1,Google Play,English,Neutral,General,438
40a68bea-4b93-4002-9de3-eb29a91c3693,Muhammad Hafiz,nice apps,5,0,1.194.1,2026-03-06 00:25:28,,,False,9,False,False,1,Google Play,English,Neutral,General,439
904cc665-691f-43a5-9d2f-540eb7b44d46,Amirul Safuan,Best,5,0,1.194.3,2026-03-05 21:28:32,,,False,4,True,False,1,Google Play,English,Positive,General,440
f695daa1-58fa-44c6-8ec5-fff366d32830,FAZRIL,Amazing and efficient UI,5,2,1.194.3,2026-03-05 13:29:32,,,False,24,False,False,1,Google Play,English,Neutral,General,441
5ff5c616-63a6-4882-82a0-7d69e6e9db3e,Nurul Hayati,best guna ni..mudah isi petrol kereta..,5,0,1.194.3,2026-03-05 12:47:04,,,False,39,True,False,1,Google Play,English,Positive,General,442
542b0d2f-453a-42a8-b4eb-1ba1b7f853a0,roslizawati mohamed zainudin,👍👍👍,5,0,1.194.3,2026-03-05 07:34:22,,,False,3,False,False,1,Google Play,English,Neutral,General,443
abbe43ab-9df3-4c83-9572-21bb772318cd,Hasmiza Hasmiza,verry 👍,5,0,1.183.6,2026-03-05 06:14:19,,,False,7,False,False,1,Google Play,English,Neutral,General,444
d08a9a3d-969c-4c35-b344-8be09abc93ae,Mohd Saiful Mohd Nadzri,so easy to use quite lots of promos contests etc....,5,2,1.194.3,2026-03-04 20:35:20,,,False,52,True,False,1,Google Play,English,Positive,General,445
97656125-dcc7-485f-9577-60107753d589,Azman Aris,easy to used,5,0,1.194.3,2026-03-04 19:13:52,,,False,12,True,False,1,Google Play,English,Positive,General,446
cf383151-cea4-4bf1-bcf8-0f282e6392a9,ikhram johari,very good indeed,4,0,1.194.3,2026-03-04 18:22:57,,,False,16,True,False,1,Google Play,English,Positive,General,447
0f38bef2-6932-4429-8aeb-a36926ec7507,john smith,sudah 5 kali buat verification acc.. tapi fail.. perlu buat kat tempat cerah bukan dalam lampu bilik,1,0,1.194.3,2026-03-04 11:24:24,"Thank you for your feedback. Our team would like to get in touch with you to discuss further. However, due to the app rating limitation, we do not have your details; hence, we would like to seek your kind cooperation to drop us an email at hello@setel.com.",2026-03-12 14:17:55,True,100,False,False,1,Google Play,English,Neutral,General,448
104abafd-05c5-4c98-8f95-772d3fddac79,Ridhwan Azizi,"processing topup tu sampai mampus, sampah punya apps, lembab , company kaya raya , kasi developer server murah, server beli 2nd hand ke apa ?",1,0,1.194.3,2026-03-04 10:20:44,"Thank you for your feedback. Our team would like to get in touch with you to discuss further. However, due to the app rating limitation, we do not have your details; hence, we would like to seek your kind cooperation to drop us an email at hello@setel.com.",2026-03-12 14:17:21,True,141,False,False,1,Google Play,English,Neutral,General,449
b3b44fe5-77a2-44c0-bcf2-4c4ccc26dc88,Afif Abd Majid,"UPDATED: Please make options auto topup every month, not by min amount UPDATE: Change from 4 to 5 stars. The best app in my life. Make my life easy. Thank you SETEL Team.",5,7,1.194.2,2026-03-03 22:01:57,"Hai, kami memohon maaf di atas sebarang kesulitan. Untuk makluman, anda boleh menghubungi kami di Livechat bagi pembatalan pembelian. Serta, anda juga boleh mengangkat nozel, dan letakkannya semula mahupun menekan butang ""X"" untuk membatalkan transaksi pembelian.",2021-01-15 16:42:38,True,170,True,False,1,Google Play,English,Positive,General,450
b82a334c-27cd-40cb-9c21-e51f869e13f0,Andy Wong,"I would like to report an issue regarding the top-up function in the Setel app. After I approve the transaction in my banking app, the Setel top-up interface frequently disconnects. Once disconnected, the top-up process is significantly delayed and takes a long time to be reflected in the app. This creates uncertainty about whether the transaction was successful and causes inconvenience. Please investigate this issue and improve the stability of the top-up interface.",1,2,1.194.3,2026-03-03 17:22:28,"Thank you for your feedback. Our team would like to get in touch with you to discuss further. However, due to the app rating limitation, we do not have your details; hence, we would like to seek your kind cooperation to drop us an email at hello@setel.com.",2026-03-12 14:16:56,True,471,False,True,1,Google Play,English,Negative,General,451
4f918865-c9f8-4928-aa1b-551202372d9e,Muhammad Ridwan,ok,4,0,1.194.3,2026-03-03 17:03:55,,,False,2,False,False,1,Google Play,English,Neutral,General,452
e1dc9792-96c6-4bf3-bb37-0c047829f899,Wong Chin Ning,very convenient to use,5,1,1.194.3,2026-03-03 14:26:24,,,False,22,True,False,1,Google Play,English,Positive,General,453
9b8723c6-4c98-4836-9d80-093f8b73d131,Akbar Mohduseng,Setel it's the best and marvellous apps,5,2,1.194.3,2026-03-03 06:33:32,,,False,39,True,False,1,Google Play,English,Positive,General,454
9e5d8fdc-436b-403c-b378-a2a031fe6208,Fauzun Azim,wow,5,0,,2026-03-03 01:27:53,,,False,3,False,False,1,Google Play,English,Neutral,General,455
53a01191-db0c-4589-b358-09f692390c4a,MUHAMMAD ZIKRI BIN SHAHADAN za,easy,5,0,1.194.1,2026-03-02 16:54:02,,,False,4,True,False,1,Google Play,English,Positive,General,456
3528031e-fc5f-4220-b83a-f2cbf3d5331f,Shau Man Leung,The workers and staff in the fuel station are very keen to help whenever you need assistance to use the Setel,5,2,1.194.3,2026-03-02 09:17:57,,,False,109,False,False,1,Google Play,English,Neutral,General,457
1ccdbb4f-9168-49de-ac96-3780b3cb180a,Harun Murad,very easy n friendly apps,5,1,1.194.3,2026-03-02 05:57:25,,,False,25,True,False,1,Google Play,English,Positive,General,458
26585898-ac68-4656-bfbd-bf074c8dcd5b,Madzlan Juhari,tbaek,4,0,,2026-03-01 18:08:21,,,False,5,False,False,1,Google Play,English,Neutral,General,459
a0928d9c-49b1-46ea-b3cf-12456e8b9417,Abdullah Muhammad,cepat,5,0,1.186.0,2026-03-01 17:53:37,,,False,5,False,False,1,Google Play,English,Neutral,General,460
e661058d-a9a2-46c0-95d8-ad737e7d7e85,Fazli FSW,a very good system,5,0,1.194.1,2026-03-01 17:15:56,,,False,18,True,False,1,Google Play,English,Positive,General,461
ab909e60-d4e7-4a1f-ae4a-39e0fd50343c,Noor Juliana Ahmad Johari,Easy peasy.....love it,5,0,,2026-03-01 13:35:24,,,False,22,True,False,1,Google Play,English,Positive,General,462
7e381858-e1ff-42e4-a19e-84b52f597ad4,Wan Faizal,best apps,5,0,,2026-02-28 23:16:24,,,False,9,True,False,1,Google Play,English,Positive,General,463
68421a57-4b27-494e-a1f4-3a9f200c6ade,Wan Sha,terbaik kopio,5,0,1.194.1,2026-02-28 20:14:40,,,False,13,False,False,1,Google Play,English,Neutral,General,464
886d68e6-ac07-4121-aaf4-a2093559baec,Intan Izwanee,good,5,0,1.194.3,2026-02-27 12:47:39,,,False,4,True,False,1,Google Play,English,Positive,General,465
9d7ce7a6-8b4b-4bfd-b25b-9b33f72ddeeb,muhammad qasim,ok,5,0,1.194.3,2026-02-27 07:41:09,,,False,2,False,False,1,Google Play,English,Neutral,General,466
cd828f88-6c01-48e5-ab53-4d343537ebfa,Ramli Yahya,verry good effort,5,0,1.194.3,2026-02-27 07:24:59,,,False,17,True,False,1,Google Play,English,Positive,General,467
bc0fb212-f773-486c-9006-8c256de18773,Ezad,bagus,5,0,1.194.1,2026-02-27 04:58:21,,,False,5,False,False,1,Google Play,English,Neutral,General,468
20a90d8a-f9d5-46cf-bb10-6a8e1bc61e57,NURSITI AMINAH,senang mengunakan ny Dan saya sangat sangat suka ❤️❤️✨✨✨,5,0,1.194.1,2026-02-26 22:40:03,,,False,56,False,False,1,Google Play,English,Neutral,General,469
155ed467-9ad5-47bf-a008-ff1db630c624,Zulwahib Saed,Terbaik. Setakat sekarang memang puas hati. Memudahkan urusan. Tq,5,0,1.194.1,2026-02-26 07:05:18,,,False,65,False,False,1,Google Play,English,Neutral,General,470
cb10c155-bb97-4eb2-bdda-80b2bc74df16,Nataliah Sabli,terbaik,5,0,1.194.3,2026-02-26 06:49:23,,,False,7,False,False,1,Google Play,English,Neutral,General,471
a7d2f0e2-55a6-41c5-955b-993f52a27305,Rayner Jeffrine,terbaik Petronas 👍👍👍👍👍,5,0,1.194.3,2026-02-26 01:39:54,,,False,22,False,False,1,Google Play,English,Neutral,General,472
cfd9e0e9-2ef8-4db6-9922-0908dcdc0c66,Zulkifli Ahmad,wonderful,5,0,1.194.1,2026-02-25 22:10:19,,,False,9,False,False,1,Google Play,English,Neutral,General,473
5062c4c5-9758-4318-ac0a-ce553f79e69f,Awg Mohd Afiq Afnan,"Easy, fast and so reliable!!!",5,1,1.194.3,2026-02-25 17:10:35,,,False,29,True,False,1,Google Play,English,Positive,General,474
59131a64-a073-40d2-a54c-ea7375ff494a,Itang Baby,Mantap,5,0,1.194.3,2026-02-25 16:39:34,,,False,6,False,False,1,Google Play,English,Neutral,General,475
f35ac5f5-5e63-4594-8a07-67d13e9ebc79,ZAMRI HUSAIN,Mudah,5,0,1.194.3,2026-02-25 15:49:50,,,False,5,False,False,1,Google Play,English,Neutral,General,476
ec50d372-5294-4cbe-9cbc-ce544ba19452,Mapo Jengs,ok,5,0,1.194.1,2026-02-25 12:20:16,,,False,2,False,False,1,Google Play,English,Neutral,General,477
a1c3317d-6f6c-4b11-858e-987c473d7028,Mystique Yim,"It's so convinient to use, thnks",5,2,1.194.1,2026-02-25 08:54:09,,,False,32,False,False,1,Google Play,English,Neutral,General,478
c302c76c-dcd2-4b02-8dbc-cc81e8ab40c4,Muhammad Salleh Abdul Muhaimin,make life easier,5,0,1.194.3,2026-02-25 08:12:20,,,False,16,False,False,1,Google Play,English,Neutral,General,479
6f327373-f4f1-4d2d-a171-cf8def7860bb,Simon Lee,keep crashing with the camera at the Verify stage,3,1,1.194.3,2026-02-24 22:57:41,"Thank you for your feedback.
Our team would like to get in touch with you to discuss further. However, due to the app rating limitation, we do not have your details; hence, we would like to seek your kind cooperation to drop us an email at hello@setel.com.",2026-02-25 16:03:07,True,49,False,True,1,Google Play,English,Negative,General,480
ac0d9d68-352b-4574-9e5f-b9bb37897c4c,azizi latif,super fast,5,0,1.194.1,2026-02-24 21:43:03,,,False,10,True,False,1,Google Play,English,Positive,General,481
37b5ac64-70da-43a1-8ef1-20bf0ef68841,Muhammad Amir Adnan,good,5,0,1.194.2,2026-02-24 18:26:16,,,False,4,True,False,1,Google Play,English,Positive,General,482
17097149-7087-4332-a96e-b4407c69ab03,ADZHAR ABD. RAHMAN,Superb,5,0,1.194.1,2026-02-24 17:36:19,,,False,6,False,False,1,Google Play,English,Neutral,General,483
95f485de-cad9-41a3-a744-158c605be8aa,AFANDI ABD GHANI,Execellent,5,0,1.194.2,2026-02-24 15:40:04,,,False,10,False,False,1,Google Play,English,Neutral,General,484
28f9e2fa-3d7f-40fe-be80-f576b0c7a8c0,Jamaludin Jantan,mudah,5,0,1.194.1,2026-02-24 10:23:16,,,False,5,False,False,1,Google Play,English,Neutral,General,485
90191b0c-25a1-4be3-a0b7-acd376f59e5a,mydiana07,Best. Sesuai dengan namanya. Settle!,5,1,1.194.1,2026-02-24 09:24:47,,,False,36,True,False,1,Google Play,English,Positive,General,486
a25203d8-5505-474b-9667-40a961ea903c,Mat Mie,memudahkan urusan mengisi minyak,5,0,1.194.1,2026-02-24 07:34:55,,,False,32,False,False,1,Google Play,English,Neutral,General,487
0a59323e-02a6-40f7-9af8-e2c05e7eff7f,Mohd fitri bin Mohd non,easy and give more some e wallet tngo,5,2,1.194.2,2026-02-24 00:45:01,,,False,37,True,False,1,Google Play,English,Positive,General,488
bded9627-79ea-4942-ba11-24f004da7554,Mad Ninja90,Loading and bug..please fix it,1,1,1.194.2,2026-02-23 19:02:20,"Thank you for your feedback.
Our team would like to get in touch with you to discuss further. However, due to the app rating limitation, we do not have your details; hence, we would like to seek your kind cooperation to drop us an email at hello@setel.com.",2026-02-25 16:03:20,True,30,False,True,1,Google Play,English,Negative,General,489
7eb6d69e-9f60-4b0b-bcef-fed0bb211b4a,haqimi misran,mudah & jimat masa tak perlu pergi kauter,5,0,1.194.1,2026-02-23 17:35:22,,,False,41,False,False,1,Google Play,English,Neutral,General,490
113e16fa-cdd5-42b3-a37e-38f7787edf58,william selimot santi,proses semak tambah nilai bermasalah @ lambat.,4,0,1.194.2,2026-02-23 17:03:40,"Thank you for your feedback. We sincerely apologize for not meeting your expectation(s).
Our team would like to get in touch with you to discuss further. However, due to the app rating limitation, we do not have your details; hence, we would like to seek your kind cooperation to drop us an email at hello@setel.com.",2025-05-01 15:25:26,True,46,False,False,1,Google Play,English,Neutral,General,491
7ee44685-7988-4619-909b-95e83745bd12,Faiz Khasni,Stupid apps,1,0,1.138.0,2026-02-23 15:39:54,"Thank you for your feedback.
Our team would like to get in touch with you to discuss further. However, due to the app rating limitation, we do not have your details; hence, we would like to seek your kind cooperation to drop us an email at hello@setel.com.",2026-02-25 16:03:32,True,11,False,False,1,Google Play,English,Neutral,General,492
6cb51db1-1377-48b6-aff4-99985644f523,Zahrul Affendi Abd Jalil,Memudahkan untuk pengguna kan mengisi minyak,5,0,1.194.1,2026-02-23 14:46:39,,,False,44,False,False,1,Google Play,English,Neutral,General,493
9a6b7f0b-b2ed-4b08-8130-fca561e1e71e,Shazrin Nina Shaharudin,easy to use..user friendly,5,1,1.194.1,2026-02-23 07:36:22,,,False,26,True,False,1,Google Play,English,Positive,General,494
58934333-4fb4-4394-8989-503a33310b18,Saifuzzaman,dapat point,5,0,1.194.1,2026-02-22 23:56:22,,,False,11,False,False,1,Google Play,English,Neutral,General,495
db2e334e-05eb-4b4a-8beb-490cc13ea256,NORHERLIANA,friendly apps... I like!,5,2,1.194.1,2026-02-22 23:05:12,,,False,24,False,False,1,Google Play,English,Neutral,General,496
e946d62b-f7c0-419b-9965-16d46e3f7261,Muhammad Afif Mohd Amin,"so far, this the best apps for online payments in which each point can be converted back into cash.",5,2,1.194.1,2026-02-22 22:22:08,,,False,99,True,False,1,Google Play,English,Positive,General,497
402e4e53-9e5a-4a47-af1f-b04b260a792b,Li Yam Low,excellent,5,0,1.194.1,2026-02-22 19:55:00,,,False,9,True,False,1,Google Play,English,Positive,General,498
8c432661-db3a-473e-b8bc-60ceed03674d,Najmi Shafee,app paling terbaik utk fuel minyak. mudah n senang guna.,5,0,1.194.1,2026-02-22 19:49:46,,,False,56,False,False,1,Google Play,English,Neutral,General,499
96f91909-0799-4b1b-b27f-c95bafbe0aef,Dominic R,Good,4,0,1.194.1,2026-02-22 18:49:10,,,False,4,True,False,1,Google Play,English,Positive,General,500
